5.056202411651611328e-01
5.039645433425903320e-01
5.026485919952392578e-01
5.016231536865234375e-01
5.009101629257202148e-01
5.005072355270385742e-01
5.003355741500854492e-01
5.002027750015258789e-01
4.997888505458831787e-01
4.985506236553192139e-01
4.952772557735443115e-01
4.875686764717102051e-01
4.753671288490295410e-01
4.593729674816131592e-01
4.368503391742706299e-01
4.050214290618896484e-01
3.664687871932983398e-01
3.268898725509643555e-01
2.841108739376068115e-01
2.369213849306106567e-01
2.016431391239166260e-01
1.659426391124725342e-01
1.372129768133163452e-01
1.334456950426101685e-01
1.223297417163848877e-01
1.092433854937553406e-01
9.844516217708587646e-02
8.686158806085586548e-02
8.245968073606491089e-02
8.251987397670745850e-02
7.881118357181549072e-02
7.325212657451629639e-02
6.827987730503082275e-02
6.136634945869445801e-02
5.574136227369308472e-02
5.436369404196739197e-02
5.435384809970855713e-02
5.219402909278869629e-02
5.050520598888397217e-02
4.691387712955474854e-02
4.253508895635604858e-02
3.959153592586517334e-02
3.808605670928955078e-02
3.617284446954727173e-02
3.442455828189849854e-02
3.256229683756828308e-02
3.027878887951374054e-02
2.932174503803253174e-02
3.005379438400268555e-02
3.707287833094596863e-02
2.865969762206077576e-02
2.615475654602050781e-02
2.770441584289073944e-02
2.202852815389633179e-02
2.494888566434383392e-02
2.113849483430385590e-02
2.184224873781204224e-02
1.938848569989204407e-02
1.949410513043403625e-02
1.826866529881954193e-02
1.741858571767807007e-02
1.710371486842632294e-02
1.572076976299285889e-02
1.628220826387405396e-02
1.426165644079446793e-02
1.509401109069585800e-02
1.337915658950805664e-02
1.400009728968143463e-02
1.257697492837905884e-02
1.311889011412858963e-02
1.197190117090940475e-02
1.228866260498762131e-02
1.137722190469503403e-02
1.165497861802577972e-02
1.070817466825246811e-02
1.104717701673507690e-02
1.036863215267658234e-02
1.051205303519964218e-02
1.002633385360240936e-02
9.911643341183662415e-03
9.604644030332565308e-03
9.525828063488006592e-03
9.344275109469890594e-03
9.191734716296195984e-03
9.128347970545291901e-03
8.865395560860633850e-03
9.028302505612373352e-03
8.970491588115692139e-03
9.645557962357997894e-03
1.011329051107168198e-02
1.095938682556152344e-02
9.778879582881927490e-03
8.361074142158031464e-03
7.782734464854001999e-03
8.527596481144428253e-03
8.980419486761093140e-03
7.890326902270317078e-03
7.384592667222023010e-03
7.806578185409307480e-03
8.013285696506500244e-03
7.425553631037473679e-03
7.068363483995199203e-03
7.577923126518726349e-03
8.187294937670230865e-03
8.892173878848552704e-03
1.011607982218265533e-02
9.872932918369770050e-03
7.167863659560680389e-03
7.114885374903678894e-03
8.463911712169647217e-03
7.116448599845170975e-03
6.721964571624994278e-03
7.460381370037794113e-03
6.648726761341094971e-03
6.570972967892885208e-03
6.862025707960128784e-03
6.191787775605916977e-03
6.365003995597362518e-03
6.459090393036603928e-03
5.920376628637313843e-03
6.058787927031517029e-03
6.027435418218374252e-03
5.749646108597517014e-03
5.857609212398529053e-03
5.706011783331632614e-03
5.474629811942577362e-03
5.545343272387981415e-03
5.512982141226530075e-03
5.358190275728702545e-03
5.348069593310356140e-03
5.353180225938558578e-03
5.261204205453395844e-03
5.200663115829229355e-03
5.222137551754713058e-03
5.331511609256267548e-03
5.606070626527070999e-03
6.287853699177503586e-03
7.681651040911674500e-03
9.482986293733119965e-03
1.013105362653732300e-02
7.241440936923027039e-03
5.778452847152948380e-03
6.359621416777372360e-03
5.932837724685668945e-03
5.925446748733520508e-03
5.851593799889087677e-03
5.068733356893062592e-03
5.607636179774999619e-03
5.484323948621749878e-03
4.632756579667329788e-03
5.402092356234788895e-03
4.978551995009183884e-03
4.506489727646112442e-03
5.149957258254289627e-03
4.518794827163219452e-03
4.533367231488227844e-03
4.752773325890302658e-03
4.317011218518018723e-03
4.489398561418056488e-03
4.378325771540403366e-03
4.242651164531707764e-03
4.378890618681907654e-03
4.103246610611677170e-03
4.187823273241519928e-03
4.230435937643051147e-03
3.961871378123760223e-03
4.058202728629112244e-03
4.082110710442066193e-03
3.902470692992210388e-03
3.940901719033718109e-03
3.899345407262444496e-03
3.808888606727123260e-03
3.869821783155202866e-03
3.836265765130519867e-03
3.710314631462097168e-03
3.724486799910664558e-03
3.738618921488523483e-03
3.677806351333856583e-03
3.675118088722229004e-03
3.728147596120834351e-03
3.743075532838702202e-03
3.838049946352839470e-03
4.218177869915962219e-03
5.126227159053087234e-03
6.948941387236118317e-03
9.041338227689266205e-03
8.706344291567802429e-03
4.685948137193918228e-03
4.513038322329521179e-03
6.447090767323970795e-03
4.156817216426134109e-03
4.287537652999162674e-03
5.269303452223539352e-03
3.551850561052560806e-03
4.747630562633275986e-03
4.091222770512104034e-03
3.808001987636089325e-03
4.335782490670681000e-03
3.465629648417234421e-03
4.214268643409013748e-03
3.506847657263278961e-03
3.772958181798458099e-03
3.628301899880170822e-03
3.461432876065373421e-03
3.698630258440971375e-03
3.323982935398817062e-03
3.634619992226362228e-03
3.257024101912975311e-03
3.486351110041141510e-03
3.307203529402613640e-03
3.339605405926704407e-03
3.345630131661891937e-03
3.207343397662043571e-03
3.334254957735538483e-03
3.148688003420829773e-03
3.261457895860075951e-03
3.140665357932448387e-03
3.172695403918623924e-03
3.162162378430366516e-03
3.095487132668495178e-03
3.154209349304437637e-03
3.066998906433582306e-03
3.128934418782591820e-03
3.100617323070764542e-03
3.139240434393286705e-03
3.262870479375123978e-03
3.468704642727971077e-03
4.149510059505701065e-03
5.455698817968368530e-03
8.360520005226135254e-03
1.031139679253101349e-02
1.008953247219324112e-02
4.153194371610879898e-03
4.804208874702453613e-03
7.309203501790761948e-03
3.616402624174952507e-03
5.551415495574474335e-03
5.588585045188665390e-03
3.647664329037070274e-03
6.095920223742723465e-03
3.903283039107918739e-03
4.644656553864479065e-03
4.444163292646408081e-03
3.600952215492725372e-03
4.415103700011968613e-03
3.333498490974307060e-03
4.339628387242555618e-03
3.297642106190323830e-03
3.904605749994516373e-03
3.342432435601949692e-03
3.485747613012790680e-03
3.496410325169563293e-03
3.208022331818938255e-03
3.490917850285768509e-03
3.066400066018104553e-03
3.339900635182857513e-03
3.076460910961031914e-03
3.170329611748456955e-03
3.117533167824149132e-03
3.017459064722061157e-03
3.118701279163360596e-03
2.935147844254970551e-03
3.072906052693724632e-03
2.925146371126174927e-03
2.951337490230798721e-03
2.987549174576997757e-03
2.839999040588736534e-03
2.968210959807038307e-03
2.842598129063844681e-03
2.873331308364868164e-03
2.873549470677971840e-03
2.805814379826188087e-03
2.845690120011568069e-03
2.805243013426661491e-03
2.784114563837647438e-03
2.812444465234875679e-03
2.743841614574193954e-03
2.780778799206018448e-03
2.759237075224518776e-03
2.727416111156344414e-03
2.749489853158593178e-03
2.723704790696501732e-03
2.708544488996267319e-03
2.719742711633443832e-03
2.696458250284194946e-03
2.691135741770267487e-03
2.695505972951650620e-03
2.669678302481770515e-03
2.674418501555919647e-03
2.669095061719417572e-03
2.652708673849701881e-03
2.652017865329980850e-03
2.650910522788763046e-03
2.637239638715982437e-03
2.635026350617408752e-03
2.633160445839166641e-03
2.621973864734172821e-03
2.620865590870380402e-03
2.617677208036184311e-03
2.610582159832119942e-03
2.608115319162607193e-03
2.610617084428668022e-03
2.608760725706815720e-03
2.609459217637777328e-03
2.616392215713858604e-03
2.624377142637968063e-03
2.641925355419516563e-03
2.677058801054954529e-03
2.739803399890661240e-03
2.850166521966457367e-03
3.046166151762008667e-03
3.363799303770065308e-03
3.801540937274694443e-03
4.231840372085571289e-03
4.326618742197751999e-03
3.737473394721746445e-03
2.863124245777726173e-03
2.580604050308465958e-03
3.015764988958835602e-03
3.241123631596565247e-03
2.820153487846255302e-03
2.554354723542928696e-03
2.832356840372085571e-03
2.920509548857808113e-03
2.614417346194386482e-03
2.578332088887691498e-03
2.781496848911046982e-03
2.682819962501525879e-03
2.519365167245268822e-03
2.633207477629184723e-03
2.675236202776432037e-03
2.528405282646417618e-03
2.532641170546412468e-03
2.621233463287353516e-03
2.550606150180101395e-03
2.486221725121140480e-03
2.547442913055419922e-03
2.551537007093429565e-03
2.483276417478919029e-03
2.489478094503283501e-03
2.522941678762435913e-03
2.489914884790778160e-03
2.461507683619856834e-03
2.482801210135221481e-03
2.483041258528828621e-03
2.453687833622097969e-03
2.450920641422271729e-03
2.462475560605525970e-03
2.450355561450123787e-03
2.433952409774065018e-03
2.435910748317837715e-03
2.437414368614554405e-03
2.426763530820608139e-03
2.419389784336090088e-03
2.419614233076572418e-03
2.415766241028904915e-03
2.408065600320696831e-03
2.404678147286176682e-03
2.403292339295148849e-03
2.398347249254584312e-03
2.392695751041173935e-03
2.390410052612423897e-03
2.388672670349478722e-03
2.384557388722896576e-03
2.381311496719717979e-03
2.382553648203611374e-03
2.387566026300191879e-03
2.397156087681651115e-03
2.418202348053455353e-03
2.466525416821241379e-03
2.567039337009191513e-03
2.766643185168504715e-03
3.145979484543204308e-03
3.819841425865888596e-03
4.715787712484598160e-03
5.440660752356052399e-03
4.830189514905214310e-03
3.154587931931018829e-03
2.401219448074698448e-03
3.265820676460862160e-03
3.488729707896709442e-03
2.553223865106701851e-03
2.650139853358268738e-03
3.120328765362501144e-03
2.570486627519130707e-03
2.537089399993419647e-03
2.853887388482689857e-03
2.482221229001879692e-03
2.519925590604543686e-03
2.664493164047598839e-03
2.407333580777049065e-03
2.518549095839262009e-03
2.513551851734519005e-03
2.369843423366546631e-03
2.504283562302589417e-03
2.402319805696606636e-03
2.356456127017736435e-03
2.466642297804355621e-03
2.331315539777278900e-03
2.347694244235754013e-03
2.412151079624891281e-03
2.291224431246519089e-03
2.343338681384921074e-03
2.347785979509353638e-03
2.275173086673021317e-03
2.329360228031873703e-03
2.297010039910674095e-03
2.272868528962135315e-03
2.301653847098350525e-03
2.266508061438798904e-03
2.269103424623608589e-03
2.270687837153673172e-03
2.248400356620550156e-03
2.259893110021948814e-03
2.245139330625534058e-03
2.234156010672450066e-03
2.245856914669275284e-03
2.227464225143194199e-03
2.221404341980814934e-03
2.228973666206002235e-03
2.213396830484271049e-03
2.209155121818184853e-03
2.213101368397474289e-03
2.202120609581470490e-03
2.197524998337030411e-03
2.197613241150975227e-03
2.190668601542711258e-03
2.187074162065982819e-03
2.184441778808832169e-03
2.178780734539031982e-03
2.176378387957811356e-03
2.173274056985974312e-03
2.167380182072520256e-03
2.164634177461266518e-03
2.162391087040305138e-03
2.157120732590556145e-03
2.153123263269662857e-03
2.151072025299072266e-03
2.147317631170153618e-03
2.142967190593481064e-03
2.140016760677099228e-03
2.136918948963284492e-03
2.133134519681334496e-03
2.129768952727317810e-03
2.126537961885333061e-03
2.123001031577587128e-03
2.119762357324361801e-03
2.116765826940536499e-03
2.113308524712920189e-03
2.109703607857227325e-03
2.106697531417012215e-03
2.103819279000163078e-03
2.100438112393021584e-03
2.097187563776969910e-03
2.094649244099855423e-03
2.092496491968631744e-03
2.091034315526485443e-03
2.091807313263416290e-03
2.097113756462931633e-03
2.111787907779216766e-03
2.147520892322063446e-03
2.232064027339220047e-03
2.423913916572928429e-03
2.853213576599955559e-03
3.708509728312492371e-03
5.170592106878757477e-03
6.392782554030418396e-03
5.662818904966115952e-03
2.885915571823716164e-03
2.518622437492012978e-03
3.942185081541538239e-03
2.880593528971076012e-03
2.450471278280019760e-03
3.232824150472879410e-03
2.420419361442327499e-03
2.684606704860925674e-03
2.641880419105291367e-03
2.319146413356065750e-03
2.709934022277593613e-03
2.175783272832632065e-03
2.519255271181464195e-03
2.354580443352460861e-03
2.185757271945476532e-03
2.443737816065549850e-03
2.140447730198502541e-03
2.307513495907187462e-03
2.162618795409798622e-03
2.228234196081757545e-03
2.183491829782724380e-03
2.101429272443056107e-03
2.231983467936515808e-03
2.054927870631217957e-03
2.152399392798542976e-03
2.104141749441623688e-03
2.079007914289832115e-03
2.101313555613160133e-03
2.043286105617880821e-03
2.101445337757468224e-03
2.024655230343341827e-03
2.054421696811914444e-03
2.052668482065200806e-03
2.008998999372124672e-03
2.042957581579685211e-03
2.004872541874647141e-03
2.020706189796328545e-03
1.998848514631390572e-03
1.999416621401906013e-03
2.004886046051979065e-03
1.974296057596802711e-03
1.994556048884987831e-03
1.976689323782920837e-03
1.972516998648643494e-03
1.974560320377349854e-03
1.961580011993646622e-03
1.967233838513493538e-03
1.953354338183999062e-03
1.954975537955760956e-03
1.954103820025920868e-03
1.941830851137638092e-03
1.946483971551060677e-03
1.939186593517661095e-03
1.935462933033704758e-03
1.934940693899989128e-03
1.927801058627665043e-03
1.928633078932762146e-03
1.923362491652369499e-03
1.919151982292532921e-03
1.919712754897773266e-03
1.913608517497777939e-03
1.911453437060117722e-03
1.909578219056129456e-03
1.905065961182117462e-03
1.904047327116131783e-03
1.900262665003538132e-03
1.897130743600428104e-03
1.896073343232274055e-03
1.892030704766511917e-03
1.889585866592824459e-03
1.887650112621486187e-03
1.884215511381626129e-03
1.882251235656440258e-03
1.879675080999732018e-03
1.876646419987082481e-03
1.874858164228498936e-03
1.872200984507799149e-03
1.869438681751489639e-03
1.867471612058579922e-03
1.864852616563439369e-03
1.862445729784667492e-03
1.860417309217154980e-03
1.857876311987638474e-03
1.855729147791862488e-03
1.853902591392397881e-03
1.851978246122598648e-03
1.850965432822704315e-03
1.851457403972744942e-03
1.855067908763885498e-03
1.867020153440535069e-03
1.897549489513039589e-03
1.974759856238961220e-03
2.155913040041923523e-03
2.602617954835295677e-03
3.475056262686848640e-03
5.179939325898885727e-03
5.994051694869995117e-03
5.295837298035621643e-03
2.345730084925889969e-03
2.813321771100163460e-03
4.244484473019838333e-03
2.444372978061437607e-03
2.555431332439184189e-03
3.313528606668114662e-03
2.093979623168706894e-03
2.849572338163852692e-03
2.663652179762721062e-03
2.074077725410461426e-03
2.843845169991254807e-03
2.112233079969882965e-03
2.305125119164586067e-03
2.415644703432917595e-03
1.952291000634431839e-03
2.367920242249965668e-03
1.995917409658432007e-03
2.089457586407661438e-03
2.173102693632245064e-03
1.882105367258191109e-03
2.153868321329355240e-03
1.959639601409435272e-03
1.930002239532768726e-03
2.067241352051496506e-03
1.857381896115839481e-03
1.969047589227557182e-03
1.946283737197518349e-03
1.841594465076923370e-03
1.955068903043866158e-03
1.866687787696719170e-03
1.850783242844045162e-03
1.910677761770784855e-03
1.831025932915508747e-03
1.855912385508418083e-03
1.863227924332022667e-03
1.809754641726613045e-03
1.849135849624872208e-03
1.826575724408030510e-03
1.803202088922262192e-03
1.830544089898467064e-03
1.802856102585792542e-03
1.800814294256269932e-03
1.808411674574017525e-03
1.787460292689502239e-03
1.794464769773185253e-03
1.791702699847519398e-03
1.778651028871536255e-03
1.784244435839354992e-03
1.778068952262401581e-03
1.772133051417768002e-03
1.774631091393530369e-03
1.768318004906177521e-03
1.765493303537368774e-03
1.765445573255419731e-03
1.760601997375488281e-03
1.758813858032226562e-03
1.757499761879444122e-03
1.753864809870719910e-03
1.752100186422467232e-03
1.750375144183635712e-03
1.748012844473123550e-03
1.746224006637930870e-03
1.744010369293391705e-03
1.742051797918975353e-03
1.740394975058734417e-03
1.738410675898194313e-03
1.736764563247561455e-03
1.735000987537205219e-03
1.733131706714630127e-03
1.731857657432556152e-03
1.730145770125091076e-03
1.728299655951559544e-03
1.727350056171417236e-03
1.726268557831645012e-03
1.725112437270581722e-03
1.725059584714472294e-03
1.725842244923114777e-03
1.728211762383580208e-03
1.734398072585463524e-03
1.747425994835793972e-03
1.772934221662580967e-03
1.825198996812105179e-03
1.925689633935689926e-03
2.127904910594224930e-03
2.487933728843927383e-03
3.153925761580467224e-03
3.961297217756509781e-03
4.792187362909317017e-03
4.207281861454248428e-03
2.755604218691587448e-03
1.804471481591463089e-03
2.478899667039513588e-03
2.909046132117509842e-03
2.089564688503742218e-03
2.038638340309262276e-03
2.452217275276780128e-03
1.982210204005241394e-03
1.937572262249886990e-03
2.273667138069868088e-03
1.883991993963718414e-03
1.863951445557177067e-03
2.105946885421872139e-03
1.815311145037412643e-03
1.878718379884958267e-03
1.985420938581228256e-03
1.752254436723887920e-03
1.859714509919285774e-03
1.888275262899696827e-03
1.757274265401065350e-03
1.848003244958817959e-03
1.784323249012231827e-03
1.737872138619422913e-03
1.837702933698892593e-03
1.755433157086372375e-03
1.725318841636180878e-03
1.775903860107064247e-03
1.726425718516111374e-03
1.740453881211578846e-03
1.748556620441377163e-03
1.700289198197424412e-03
1.722852233797311783e-03
1.723714056424796581e-03
1.697311294265091419e-03
1.716128783300518990e-03
1.703990739770233631e-03
1.685929950326681137e-03
1.701190834864974022e-03
1.690133707597851753e-03
1.682680565863847733e-03
1.694497768767178059e-03
1.679898821748793125e-03
1.671504694968461990e-03
1.681093825027346611e-03
1.673958497121930122e-03
1.669854857027530670e-03
1.673801452852785587e-03
1.664576353505253792e-03
1.662122551351785660e-03
1.666664378717541695e-03
1.660667825490236282e-03
1.658380264416337013e-03
1.660129753872752190e-03
1.655025407671928406e-03
1.653409679420292377e-03
1.654676743783056736e-03
1.651052851229906082e-03
1.649556797929108143e-03
1.649907790124416351e-03
1.646582968533039093e-03
1.644657924771308899e-03
1.644824398681521416e-03
1.642851158976554871e-03
1.641386654227972031e-03
1.640950096771121025e-03
1.638757996261119843e-03
1.636976725421845913e-03
1.636638771742582321e-03
1.635326538234949112e-03
1.633733743801712990e-03
1.633002655580639839e-03
1.631687860935926437e-03
1.630035811103880405e-03
1.629233360290527344e-03
1.628274447284638882e-03
1.626724842935800552e-03
1.625685021281242371e-03
1.624868717044591904e-03
1.623525284230709076e-03
1.622310490347445011e-03
1.621406991034746170e-03
1.620209193788468838e-03
1.618883339688181877e-03
1.617914531379938126e-03
1.616989960893988609e-03
1.615815330296754837e-03
1.614688429981470108e-03
1.613716129213571548e-03
1.612637424841523170e-03
1.611495390534400940e-03
1.610473264008760452e-03
1.609482336789369583e-03
1.608404330909252167e-03
1.607345184311270714e-03
1.606350531801581383e-03
1.605337718501687050e-03
1.604293938726186752e-03
1.603274256922304630e-03
1.602291595190763474e-03
1.601296244189143181e-03
1.600292511284351349e-03
1.599304843693971634e-03
1.598304719664156437e-03
1.597299939021468163e-03
1.596292247995734215e-03
1.595313893631100655e-03
1.594345783814787865e-03
1.593366498127579689e-03
1.592403976246714592e-03
1.591503503732383251e-03
1.590684172697365284e-03
1.589976949617266655e-03
1.589463325217366219e-03
1.589268445968627930e-03
1.589620718732476234e-03
1.590967993251979351e-03
1.594336354173719883e-03
1.601313007995486259e-03
1.615709741599857807e-03
1.643455354496836662e-03
1.700971042737364769e-03
1.807282678782939911e-03
2.028883434832096100e-03
2.396804746240377426e-03
3.138586645945906639e-03
3.933276981115341187e-03
5.097195040434598923e-03
4.457552451640367508e-03
3.203384112566709518e-03
1.754753058776259422e-03
2.134335227310657501e-03
3.080088179558515549e-03
2.414969261735677719e-03
1.757480786181986332e-03
2.129131229594349861e-03
2.266804687678813934e-03
1.896441099233925343e-03
1.869452185928821564e-03
2.020151820033788681e-03
1.856641611084342003e-03
1.797258388251066208e-03
1.893911277875304222e-03
1.762371626682579517e-03
1.721177250146865845e-03
1.830952358432114124e-03
1.720616011880338192e-03
1.642007380723953247e-03
1.756271929480135441e-03
1.687607727944850922e-03
1.609056373126804829e-03
1.707821735180914402e-03
1.665995689108967781e-03
1.589140156283974648e-03
1.665557851083576679e-03
1.649708603508770466e-03
1.577752875164151192e-03
1.630939194001257420e-03
1.635445514693856239e-03
1.572614768519997597e-03
1.601971220225095749e-03
1.619254006072878838e-03
1.571121392771601677e-03
1.580651034601032734e-03
1.602643169462680817e-03
1.569970045238733292e-03
1.566224265843629837e-03
1.586340251378715038e-03
1.567902858369052410e-03
1.557086943648755550e-03
1.571796718053519726e-03
1.564447884447872639e-03
1.551691908389329910e-03
1.559820491820573807e-03
1.559971831738948822e-03
1.549255917780101299e-03
1.550599816255271435e-03
1.553706359118223190e-03
1.547438907437026501e-03
1.545000006444752216e-03
1.546986633911728859e-03
1.544006867334246635e-03
1.541181583888828754e-03
1.541883102618157864e-03
1.540158176794648170e-03
1.537249307148158550e-03
1.537207397632300854e-03
1.536709489300847054e-03
1.534253475256264210e-03
1.533153350464999676e-03
1.532895490527153015e-03
1.531234011054039001e-03
1.529732253402471542e-03
1.529326196759939194e-03
1.528245047666132450e-03
1.526692882180213928e-03
1.525995437987148762e-03
1.525278319604694843e-03
1.523824175819754601e-03
1.522802282124757767e-03
1.522310427390038967e-03
1.521239639259874821e-03
1.519844867289066315e-03
1.519076991826295853e-03
1.518507720902562141e-03
1.517366152256727219e-03
1.516154385171830654e-03
1.515433425083756447e-03
1.514723058789968491e-03
1.513585448265075684e-03
1.512532820925116539e-03
1.511880196630954742e-03
1.511112786829471588e-03
1.509980298578739166e-03
1.508951885625720024e-03
1.508231274783611298e-03
1.507430104538798332e-03
1.506394939497113228e-03
1.505426247604191303e-03
1.504660351201891899e-03
1.503858016803860664e-03
1.502877799794077873e-03
1.501925056800246239e-03
1.501137623563408852e-03
1.500339829362928867e-03
1.499414443969726562e-03
1.498497440479695797e-03
1.497672521509230137e-03
1.496826531365513802e-03
1.495913369581103325e-03
1.495016389526426792e-03
1.494158175773918629e-03
1.493278192356228828e-03
1.492384239099919796e-03
1.491514733061194420e-03
1.490663038566708565e-03
1.489806803874671459e-03
1.488935551606118679e-03
1.488083973526954651e-03
1.487232628278434277e-03
1.486370572820305824e-03
1.485512941144406796e-03
1.484668115153908730e-03
1.483820960856974125e-03
1.482969266362488270e-03
1.482113730162382126e-03
1.481270184740424156e-03
1.480434671975672245e-03
1.479550963267683983e-03
1.478669699281454086e-03
1.477810554206371307e-03
1.476966543123126030e-03
1.476113917306065559e-03
1.475277356803417206e-03
1.474457094445824623e-03
1.473638461902737617e-03
1.472825300879776478e-03
1.472001429647207260e-03
1.471163006499409676e-03
1.470301649533212185e-03
1.469420501962304115e-03
1.468539121560752392e-03
1.467666937969624996e-03
1.466810237616300583e-03
1.465967856347560883e-03
1.465130713768303394e-03
1.464282162487506866e-03
1.463441178202629089e-03
1.462595770135521889e-03
1.461743144318461418e-03
1.460890518501400948e-03
1.460032770410180092e-03
1.459175953641533852e-03
1.458329148590564728e-03
1.457481877878308296e-03
1.456637051887810230e-03
1.455784426070749760e-03
1.454927958548069000e-03
1.454082201234996319e-03
1.453233067877590656e-03
1.452387776225805283e-03
1.451542368158698082e-03
1.450719311833381653e-03
1.449907897040247917e-03
1.449118019081652164e-03
1.448360970243811607e-03
1.447697635740041733e-03
1.447203685529530048e-03
1.446988782845437527e-03
1.447251415811479092e-03
1.448350609280169010e-03
1.450871699489653111e-03
1.456052530556917191e-03
1.465945271775126457e-03
1.484886161051690578e-03
1.519290148280560970e-03
1.584154786542057991e-03
1.696369610726833344e-03
1.900848234072327614e-03
2.201536204665899277e-03
2.657535951584577560e-03
2.976031973958015442e-03
3.046284196898341179e-03
2.366843167692422867e-03
1.636812696233391762e-03
1.532941590994596481e-03
1.958190929144620895e-03
2.092427341267466545e-03
1.656392589211463928e-03
1.502384431660175323e-03
1.771382289007306099e-03
1.764504238963127136e-03
1.518599223345518112e-03
1.544825849123299122e-03
1.680732239037752151e-03
1.558536896482110023e-03
1.458264887332916260e-03
1.579533796757459641e-03
1.587903359904885292e-03
1.452772645279765129e-03
1.476735691539943218e-03
1.555567840114235878e-03
1.483605476096272469e-03
1.435669255442917347e-03
1.495773787610232830e-03
1.491434872150421143e-03
1.433116849511861801e-03
1.449162489734590054e-03
1.478615100495517254e-03
1.443543587811291218e-03
1.424150425009429455e-03
1.451043644919991493e-03
1.447074930183589458e-03
1.419712323695421219e-03
1.428575837053358555e-03
1.441543921828269958e-03
1.421221182681620121e-03
1.410288037732243538e-03
1.424945308826863766e-03
1.425070688128471375e-03
1.409320277161896229e-03
1.409032731316983700e-03
1.416562474332749844e-03
1.410022610798478127e-03
1.401852816343307495e-03
1.406181370839476585e-03
1.408490352332592010e-03
1.400491921231150627e-03
1.397894695401191711e-03
1.401643501594662666e-03
1.398441032506525517e-03
1.393662649206817150e-03
1.395208877511322498e-03
1.395450206473469734e-03
1.391047611832618713e-03
1.389410113915801048e-03
1.390684512443840504e-03
1.388943055644631386e-03
1.386066316626966000e-03
1.385944895446300507e-03
1.385699957609176636e-03
1.383224269375205040e-03
1.381602371111512184e-03
1.381746726110577583e-03
1.380765810608863831e-03
1.378574990667402744e-03
1.377511420287191868e-03
1.377107808366417885e-03
1.375706749968230724e-03
1.374036073684692383e-03
1.373263541609048843e-03
1.372576574794948101e-03
1.371151767671108246e-03
1.369738252833485603e-03
1.368882367387413979e-03
1.367934048175811768e-03
1.366592943668365479e-03
1.365423202514648438e-03
1.364538562484085560e-03
1.363484887406229973e-03
1.362222130410373211e-03
1.361110713332891464e-03
1.360199414193630219e-03
1.359239220619201660e-03
1.358183217234909534e-03
1.357261440716683865e-03
1.356563647277653217e-03
1.356073771603405476e-03
1.355850836262106895e-03
1.356265041977167130e-03
1.357792061753571033e-03
1.361247617751359940e-03
1.367774093523621559e-03
1.380678149871528149e-03
1.403568661771714687e-03
1.447217306122183800e-03
1.519425422884523869e-03
1.658826950006186962e-03
1.866558217443525791e-03
2.254504244774580002e-03
2.645047847181558609e-03
3.223401727154850960e-03
3.108454635366797447e-03
2.793383784592151642e-03
1.949654892086982727e-03
1.649175304919481277e-03
1.803441904485225677e-03
1.843477832153439522e-03
1.729297684505581856e-03
1.699510030448436737e-03
1.784608233720064163e-03
1.619487302377820015e-03
1.424134126864373684e-03
1.580622978508472443e-03
1.707796938717365265e-03
1.493511372245848179e-03
1.350260572507977486e-03
1.499838079325854778e-03
1.570730819366872311e-03
1.418675761669874191e-03
1.348834019154310226e-03
1.446317997761070728e-03
1.469130977056920528e-03
1.372922677546739578e-03
1.349850674159824848e-03
1.411744859069585800e-03
1.405792078003287315e-03
1.344168558716773987e-03
1.342042582109570503e-03
1.380538917146623135e-03
1.368853030726313591e-03
1.325423829257488251e-03
1.328328507952392101e-03
1.356444088742136955e-03
1.344669610261917114e-03
1.313747139647603035e-03
1.314821885898709297e-03
1.333676162175834179e-03
1.328352838754653931e-03
1.306964666582643986e-03
1.304552308283746243e-03
1.315432600677013397e-03
1.313470304012298584e-03
1.301351003348827362e-03
1.297467970289289951e-03
1.301691052503883839e-03
1.300969393923878670e-03
1.293901703320443630e-03
1.290969899855554104e-03
1.292337896302342415e-03
1.290106214582920074e-03
1.285974401980638504e-03
1.285129925236105919e-03
1.284767640754580498e-03
1.281567849218845367e-03
1.278778421692550182e-03
1.278459792956709862e-03
1.277431147173047066e-03
1.274292008019983768e-03
1.271811313927173615e-03
1.271402928978204727e-03
1.270473701879382133e-03
1.267711166292428970e-03
1.265321858227252960e-03
1.264526741579174995e-03
1.263612764887511730e-03
1.261453377082943916e-03
1.259165233932435513e-03
1.257779193110764027e-03
1.256594434380531311e-03
1.254841685295104980e-03
1.252905814908444881e-03
1.251254463568329811e-03
1.249765744432806969e-03
1.248118584044277668e-03
1.246311469003558159e-03
1.244615996256470680e-03
1.243142178282141685e-03
1.241596182808279991e-03
1.239822013303637505e-03
1.238038064911961555e-03
1.236469019204378128e-03
1.235010568052530289e-03
1.233476330526173115e-03
1.231907051987946033e-03
1.230566995218396187e-03
1.229646964929997921e-03
1.229244400747120380e-03
1.229690969921648502e-03
1.231939764693379402e-03
1.237819436937570572e-03
1.250554225407540798e-03
1.276371651329100132e-03
1.327451202087104321e-03
1.427051844075322151e-03
1.617098110727965832e-03
1.965196337550878525e-03
2.538166940212249756e-03
3.302038181573152542e-03
3.837081836536526680e-03
3.402023343369364738e-03
1.995070371776819229e-03
1.255725626833736897e-03
1.953027443960309029e-03
2.191527979448437691e-03
1.407662290148437023e-03
1.444850466214120388e-03
1.862125121988356113e-03
1.402532216161489487e-03
1.341079943813383579e-03
1.655720057897269726e-03
1.323013100773096085e-03
1.324433251284062862e-03
1.512569840997457504e-03
1.250693225301802158e-03
1.332255778834223747e-03
1.404094975441694260e-03
1.209771260619163513e-03
1.327092526480555534e-03
1.313589164055883884e-03
1.201154896989464760e-03
1.308000297285616398e-03
1.243242179043591022e-03
1.203171792440116405e-03
1.276107039302587509e-03
1.199343590997159481e-03
1.206926535815000534e-03
1.240028999745845795e-03
1.175468321889638901e-03
1.203754800371825695e-03
1.206879504024982452e-03
1.165351248346269131e-03
1.194574055261909962e-03
1.178495353087782860e-03
1.157007412984967232e-03
1.180933672003448009e-03
1.159929088316857815e-03
1.150536350905895233e-03
1.164964633062481880e-03
1.145258080214262009e-03
1.143133151344954967e-03
1.151185366325080395e-03
1.134594669565558434e-03
1.134545425884425640e-03
1.138173858635127544e-03
1.125227776356041431e-03
1.125678769312798977e-03
1.125946990214288235e-03
1.116026425734162331e-03
1.117659499868750572e-03
1.115280436351895332e-03
1.107758958823978901e-03
1.109031843952834606e-03
1.105450908653438091e-03
1.099886605516076088e-03
1.100346678867936134e-03
1.096152001991868019e-03
1.091687474399805069e-03
1.091459533199667931e-03
1.087418757379055023e-03
1.083557493984699249e-03
1.082562026567757130e-03
1.078753732144832611e-03
1.075196545571088791e-03
1.073706662282347679e-03
1.070191501639783382e-03
1.066779717803001404e-03
1.064937096089124680e-03
1.061620423570275307e-03
1.058275229297578335e-03
1.056125969626009464e-03
1.052942592650651932e-03
1.049676677212119102e-03
1.047306926921010017e-03
1.044207718223333359e-03
1.040937379002571106e-03
1.038364600390195847e-03
1.035391236655414104e-03
1.032124971970915794e-03
1.029364299029111862e-03
1.026453566737473011e-03
1.023213728331029415e-03
1.020307303406298161e-03
1.017386442981660366e-03
1.014168024994432926e-03
1.011149957776069641e-03
1.008215127512812614e-03
1.005029072985053062e-03
1.001903787255287170e-03
9.989243699237704277e-04
9.957823203876614571e-04
9.925892809405922890e-04
9.895333787426352501e-04
9.864309104159474373e-04
9.832152863964438438e-04
9.800848783925175667e-04
9.770058095455169678e-04
9.738460648804903030e-04
9.707263670861721039e-04
9.677404304966330528e-04
9.648326667957007885e-04
9.621178032830357552e-04
9.599456680007278919e-04
9.587898966856300831e-04
9.595209266990423203e-04
9.644199744798243046e-04
9.777715895324945450e-04
1.010128064081072807e-03
1.077699125744402409e-03
1.223232480697333813e-03
1.464185188524425030e-03
1.858180621638894081e-03
2.058806130662560463e-03
1.977692125365138054e-03
1.346024451777338982e-03
1.017980859614908695e-03
1.225487794727087021e-03
1.373841194435954094e-03
1.154840225353837013e-03
1.003173063509166241e-03
1.161899650469422340e-03
1.185645814985036850e-03
9.945670608431100845e-04
1.006702892482280731e-03
1.106855575926601887e-03
9.983687195926904678e-04
9.461838635616004467e-04
1.035685534588992596e-03
9.965738281607627869e-04
8.976373937912285328e-04
9.363804711028933525e-04
9.712006431072950363e-04
9.154683793894946575e-04
9.130490943789482117e-04
9.428550256416201591e-04
9.024896426126360893e-04
8.722965139895677567e-04
9.017017437145113945e-04
8.963119471445679665e-04
8.647716022096574306e-04
8.746861713007092476e-04
8.806899422779679298e-04
8.551995852030813694e-04
8.514279616065323353e-04
8.587203919887542725e-04
8.417855715379118919e-04
8.331476128660142422e-04
8.434242336079478264e-04
8.353090961463749409e-04
8.213094552047550678e-04
8.244125056080520153e-04
8.231379906646907330e-04
8.134122472256422043e-04
8.124628220684826374e-04
8.119399426504969597e-04
8.045071735978126526e-04
8.015992352738976479e-04
8.008783333934843540e-04
7.942548254504799843e-04
7.897375617176294327e-04
7.903224322944879532e-04
7.870644913055002689e-04
7.810810348019003868e-04
7.789832307025790215e-04
7.771986420266330242e-04
7.723820162937045097e-04
7.686624885536730289e-04
7.668023463338613510e-04
7.633407949469983578e-04
7.593984482809901237e-04
7.572569302283227444e-04
7.548601715825498104e-04
7.510230643674731255e-04
7.479113410227000713e-04
7.458086474798619747e-04
7.427983218804001808e-04
7.391913677565753460e-04
7.364912889897823334e-04
7.341262535192072392e-04
7.311751251108944416e-04
7.284437306225299835e-04
7.267008186317980289e-04
7.256577955558896065e-04
7.254392257891595364e-04
7.276963442564010620e-04
7.341080927290022373e-04
7.480782805941998959e-04
7.736139232292771339e-04
8.255330030806362629e-04
9.137300658039748669e-04
1.089098863303661346e-03
1.337356399744749069e-03
1.790706068277359009e-03
2.120067365467548370e-03
2.470572479069232941e-03
1.902920077554881573e-03
1.160340150818228722e-03
7.299574790522456169e-04
1.036185072734951973e-03
1.398443477228283882e-03
1.086449134163558483e-03
7.818644517101347446e-04
9.161870693787932396e-04
1.020132680423557758e-03
8.750699344091117382e-04
7.975755725055932999e-04
8.709502290003001690e-04
8.340317872352898121e-04
7.531478186137974262e-04
8.038823725655674934e-04
8.095231023617088795e-04
7.117192144505679607e-04
7.147713331505656242e-04
7.821716135367751122e-04
7.383594056591391563e-04
6.614627200178802013e-04
6.861567380838096142e-04
7.330395164899528027e-04
6.954529089853167534e-04
6.432608934119343758e-04
6.633448647335171700e-04
6.929537048563361168e-04
6.640832289122045040e-04
6.305215647444128990e-04
6.413219380192458630e-04
6.559016183018684387e-04
6.388333858922123909e-04
6.187550025060772896e-04
6.237606867216527462e-04
6.313524791039526463e-04
6.196815520524978638e-04
6.069845985621213913e-04
6.090498645789921284e-04
6.117894081398844719e-04
6.036135018803179264e-04
5.944223958067595959e-04
5.943996366113424301e-04
5.956993554718792439e-04
5.898727686144411564e-04
5.828931462019681931e-04
5.812809104099869728e-04
5.814043106511235237e-04
5.776935722678899765e-04
5.720042972825467587e-04
5.692205158993601799e-04
5.685908836312592030e-04
5.661748000420629978e-04
5.616312846541404724e-04
5.583983147516846657e-04
5.574508686549961567e-04
5.554696545004844666e-04
5.515616503544151783e-04
5.484481807798147202e-04
5.469815223477780819e-04
5.451033357530832291e-04
5.418257787823677063e-04
5.386367556639015675e-04
5.366649711504578590e-04
5.349121056497097015e-04
5.321875796653330326e-04
5.292020505294203758e-04
5.269268294796347618e-04
5.250890972092747688e-04
5.228430964052677155e-04
5.201182793825864792e-04
5.176250124350190163e-04
5.155640537850558758e-04
5.134842358529567719e-04
5.111530190333724022e-04
5.088610923849046230e-04
5.069621256552636623e-04
5.053579807281494141e-04
5.038230447098612785e-04
5.027180304750800133e-04
5.030371248722076416e-04
5.060635157860815525e-04
5.139224813319742680e-04
5.312022985890507698e-04
5.675299908034503460e-04
6.427312036976218224e-04
7.930094143375754356e-04
1.087223528884351254e-03
1.600274350494146347e-03
2.379304962232708931e-03
3.064700635150074959e-03
2.956714481115341187e-03
1.567836850881576538e-03
5.379085778258740902e-04
1.112808356992900372e-03
1.547133899293839931e-03
7.909834966994822025e-04
6.622201181016862392e-04
1.160508836619555950e-03
7.702583679929375648e-04
5.875831702724099159e-04
9.468068601563572884e-04
6.706783315166831017e-04
5.746165988966822624e-04
8.040221291594207287e-04
5.776938633061945438e-04
5.759677151218056679e-04
6.993166753090918064e-04
5.145647446624934673e-04
5.641140742227435112e-04
6.185863167047500610e-04
4.867193638347089291e-04
5.448089214041829109e-04
5.538500845432281494e-04
4.710182547569274902e-04
5.219587474130094051e-04
5.106045864522457123e-04
4.612228949554264545e-04
4.952159360982477665e-04
4.803368356078863144e-04
4.547010175883769989e-04
4.730908258352428675e-04
4.574888153001666069e-04
4.435336450114846230e-04
4.550553858280181885e-04
4.421041812747716904e-04
4.320090520195662975e-04
4.393864655867218971e-04
4.295054532121866941e-04
4.213956417515873909e-04
4.268639313522726297e-04
4.193825006950646639e-04
4.118058423046022654e-04
4.161957767792046070e-04
4.102733510080724955e-04
4.037074104417115450e-04
4.072489100508391857e-04
4.017657483927905560e-04
3.956168657168745995e-04
3.984249196946620941e-04
3.940325696021318436e-04
3.887448110617697239e-04
3.904950572177767754e-04
3.865254111588001251e-04
3.819077392108738422e-04
3.832139482256025076e-04
3.799426485784351826e-04
3.755565558094531298e-04
3.762580454349517822e-04
3.736829385161399841e-04
3.694765327963978052e-04
3.694481565617024899e-04
3.676812339108437300e-04
3.639535279944539070e-04
3.633107698988169432e-04
3.616361645981669426e-04
3.584904479794204235e-04
3.576330491341650486e-04
3.559518663678318262e-04
3.532139235176146030e-04
3.521588805597275496e-04
3.505344502627849579e-04
3.480085870251059532e-04
3.466665511950850487e-04
3.451641532592475414e-04
3.429448115639388561e-04
3.414448292460292578e-04
3.399754932615906000e-04
3.379506233613938093e-04
3.363263676874339581e-04
3.348997561261057854e-04
3.330765466671437025e-04
3.313499037176370621e-04
3.298892697785049677e-04
3.282680700067430735e-04
3.265411651227623224e-04
3.250071604270488024e-04
3.234757168684154749e-04
3.218035271856933832e-04
3.202471998520195484e-04
3.187796683050692081e-04
3.171867574565112591e-04
3.155847371090203524e-04
3.141174383927136660e-04
3.126293595414608717e-04
3.110596153419464827e-04
3.095838474109768867e-04
3.081462346017360687e-04
3.066337958443909883e-04
3.051611420232802629e-04
3.037558926735073328e-04
3.022903110831975937e-04
3.008060739375650883e-04
2.994132810272276402e-04
2.980272111017256975e-04
2.965903258882462978e-04
2.951858332380652428e-04
2.938333200290799141e-04
2.924651780631393194e-04
2.910883340518921614e-04
2.897537488024681807e-04
2.884303103201091290e-04
2.871236356440931559e-04
2.858641673810780048e-04
2.846720162779092789e-04
2.835748891811817884e-04
2.826571871992200613e-04
2.820435620378702879e-04
2.819711808115243912e-04
2.829127188306301832e-04
2.856822684407234192e-04
2.919783291872590780e-04
3.047329955734312534e-04
3.302029799669981003e-04
3.770090697798877954e-04
4.628894384950399399e-04
5.935706431046128273e-04
7.818026933819055557e-04
9.194740559905767441e-04
9.716949425637722015e-04
7.507319096475839615e-04
4.795193090103566647e-04
3.202023799531161785e-04
3.673339961096644402e-04
4.695339594036340714e-04
4.687207983806729317e-04
4.133465990889817476e-04
3.761736443266272545e-04
3.714956110343337059e-04
3.388371260371059179e-04
3.069460217375308275e-04
3.281255194451659918e-04
3.653623862192034721e-04
3.531081893015652895e-04
2.900100371334701777e-04
2.619673032313585281e-04
2.917314704973250628e-04
3.202181833330541849e-04
3.088655357714742422e-04
2.754657471086829901e-04
2.607797796372324228e-04
2.667001390364021063e-04
2.741971402429044247e-04
2.749929844867438078e-04
2.700511831790208817e-04
2.622093015816062689e-04
2.524928713683038950e-04
2.478883252479135990e-04
2.511077618692070246e-04
2.560391149017959833e-04
2.555317478254437447e-04
2.482409763615578413e-04
2.407998545095324516e-04
2.377368800807744265e-04
2.389347500866279006e-04
2.405598788755014539e-04
2.386757405474781990e-04
2.342718944419175386e-04
2.314661833224818110e-04
2.320464991498738527e-04
2.329414273845031857e-04
2.311659918632358313e-04
2.281321940245106816e-04
2.265349903609603643e-04
2.264681970700621605e-04
2.261722111143171787e-04
2.250371326226741076e-04
2.238143497379496694e-04
2.226780052296817303e-04
2.213446423411369324e-04
2.202083414886146784e-04
2.198262518504634500e-04
2.196929854108020663e-04
2.186977799283340573e-04
2.169241342926397920e-04
2.156060363631695509e-04
2.152645756723359227e-04
2.150858927052468061e-04
2.141856821253895760e-04
2.128529595211148262e-04
2.118388074450194836e-04
2.112185175064951181e-04
2.106091706082224846e-04
2.098578115692362189e-04
2.091171336360275745e-04
2.084200532408431172e-04
2.076013624900951982e-04
2.066215674858540297e-04
2.057261008303612471e-04
2.050904586212709546e-04
2.045665023615583777e-04
2.038773818640038371e-04
2.030153991654515266e-04
2.021992258960381150e-04
2.015077479882165790e-04
2.008582814596593380e-04
2.001881512114778161e-04
1.995425554923713207e-04
1.989402808248996735e-04
1.982953690458089113e-04
1.975766790565103292e-04
1.968326250789687037e-04
1.961248199222609401e-04
1.954881299752742052e-04
1.948825956787914038e-04
1.942591043189167976e-04
1.936170592671260238e-04
1.929996942635625601e-04
1.923916424857452512e-04
1.917995978146791458e-04
1.912162697408348322e-04
1.906979887280613184e-04
1.902879157569259405e-04
1.900200295494869351e-04
1.899688213597983122e-04
1.902069780044257641e-04
1.908972626551985741e-04
1.923590752994641662e-04
1.952042075572535396e-04
2.001929678954184055e-04
2.088671753881499171e-04
2.234324347227811813e-04
2.486912999302148819e-04
2.909867325797677040e-04
3.643695381470024586e-04
4.790491366293281317e-04
6.630581337958574295e-04
8.963652653619647026e-04
1.178197213448584080e-03
1.296605914831161499e-03
1.172013813629746437e-03
6.890308577567338943e-04
2.620425948407500982e-04
2.428907027933746576e-04
5.137960542924702168e-04
6.111975526437163353e-04
3.678536741062998772e-04
1.957968488568440080e-04
3.147594979964196682e-04
4.295636608731001616e-04
3.175188612658530474e-04
1.907981059048324823e-04
2.590132935438305140e-04
3.417781263124197721e-04
2.651655231602489948e-04
1.836252631619572639e-04
2.304044173797592521e-04
2.788176352623850107e-04
2.282054192619398236e-04
1.812663103919476271e-04
2.154032408725470304e-04
2.412903704680502415e-04
2.028649760177358985e-04
1.779031299520283937e-04
2.039350365521386266e-04
2.084855223074555397e-04
1.801352482289075851e-04
1.801157486625015736e-04
1.980329398065805435e-04
1.873323926702141762e-04
1.716100232442840934e-04
1.812352857086807489e-04
1.873647706815972924e-04
1.744181790854781866e-04
1.701570290606468916e-04
1.785451895557343960e-04
1.763119362294673920e-04
1.676364918239414692e-04
1.697579573374241590e-04
1.740095322020351887e-04
1.688303600531071424e-04
1.645431766519322991e-04
1.680447021499276161e-04
1.690343779046088457e-04
1.642073330003768206e-04
1.628575992072001100e-04
1.655430824030190706e-04
1.646229648031294346e-04
1.611804909771308303e-04
1.611535844858735800e-04
1.625847507966682315e-04
1.610807958059012890e-04
1.589884195709601045e-04
1.594054338056594133e-04
1.600536343175917864e-04
1.585731806699186563e-04
1.570633467053994536e-04
1.573168265167623758e-04
1.575067872181534767e-04
1.563630212331190705e-04
1.554221380501985550e-04
1.554523914819583297e-04
1.552420872030779719e-04
1.542950194561854005e-04
1.536562194814905524e-04
1.536780910100787878e-04
1.534498442197218537e-04
1.526628475403413177e-04
1.520436489954590797e-04
1.518753269920125604e-04
1.516253105364739895e-04
1.510330621385946870e-04
1.505200780229642987e-04
1.502779923612251878e-04
1.499484205851331353e-04
1.493835734436288476e-04
1.488733105361461639e-04
1.485720713390037417e-04
1.482788356952369213e-04
1.478404883528128266e-04
1.474012533435598016e-04
1.470838178647682071e-04
1.467959227738901973e-04
1.464310043957084417e-04
1.460325584048405290e-04
1.456834434065967798e-04
1.453896838938817382e-04
1.450787822250276804e-04
1.447332033421844244e-04
1.444230438210070133e-04
1.441603526473045349e-04
1.439144107280299067e-04
1.436750753782689571e-04
1.434778678230941296e-04
1.433312427252531052e-04
1.432335411664098501e-04
1.432232384104281664e-04
1.433991856174543500e-04
1.438294275430962443e-04
1.446716196369379759e-04
1.460997009417042136e-04
1.485852844780310988e-04
1.525148691143840551e-04
1.589687744854018092e-04
1.687782350927591324e-04
1.851103152148425579e-04
2.093830116791650653e-04
2.503111900296062231e-04
3.078917507082223892e-04
4.045478126499801874e-04
5.195282283239066601e-04
6.973607814870774746e-04
8.249875390902161598e-04
9.750927565619349480e-04
8.948886534199118614e-04
7.580116507597267628e-04
4.606941074598580599e-04
2.501328126527369022e-04
1.870648120529949665e-04
2.664976345840841532e-04
3.790414484683424234e-04
3.841726575046777725e-04
3.040823212359100580e-04
1.872108696261420846e-04
1.702498848317191005e-04
2.418896765448153019e-04
2.670999674592167139e-04
2.138680720236152411e-04
1.539852237328886986e-04
1.666207390371710062e-04
2.129812928615137935e-04
2.115017414325848222e-04
1.697129337117075920e-04
1.429122203262522817e-04
1.597405353095382452e-04
1.848479441832751036e-04
1.770917442627251148e-04
1.505673135397955775e-04
1.382526970701292157e-04
1.502472005086019635e-04
1.639999100007116795e-04
1.580016250954940915e-04
1.416849117958918214e-04
1.343948242720216513e-04
1.413627178408205509e-04
1.494074531365185976e-04
1.462389191146939993e-04
1.364218915114179254e-04
1.311576197622343898e-04
1.345916825812309980e-04
1.397247979184612632e-04
1.386321819154545665e-04
1.327047648373991251e-04
1.286908664042130113e-04
1.301728625549003482e-04
1.337009889539331198e-04
1.338092843070626259e-04
1.302019954891875386e-04
1.269315544050186872e-04
1.270970533369109035e-04
1.293546083616092801e-04
1.300910080317407846e-04
1.281688892049714923e-04
1.256292889593169093e-04
1.249310735147446394e-04
1.259820710401982069e-04
1.268743944820016623e-04
1.263314916286617517e-04
1.247504842467606068e-04
1.235158269992098212e-04
1.234195224242284894e-04
1.240057899849489331e-04
1.242427533725276589e-04
1.236318639712408185e-04
1.226176245836541057e-04
1.219205805682577193e-04
1.218468460137955844e-04
1.220865378854796290e-04
1.221045968122780323e-04
1.216510645463131368e-04
1.209631300298497081e-04
1.204630898428149521e-04
1.202838611789047718e-04
1.202535931952297688e-04
1.201326740556396544e-04
1.198371173813939095e-04
1.194571959786117077e-04
1.190875773318111897e-04
1.187832094728946686e-04
1.185492001241073012e-04
1.183591666631400585e-04
1.181532425107434392e-04
1.179147584480233490e-04
1.176480582216754556e-04
1.173726996057666838e-04
1.171205731225199997e-04
1.168989692814648151e-04
1.166870206361636519e-04
1.164751665783114731e-04
1.162594198831357062e-04
1.160301035270094872e-04
1.157931692432612181e-04
1.155479985754936934e-04
1.153235207311809063e-04
1.151188407675363123e-04
1.149181262007914484e-04
1.146977665484882891e-04
1.144582347478717566e-04
1.142191467806696892e-04
1.139976957347244024e-04
1.137899089371785522e-04
1.135957209044136107e-04
1.133972109528258443e-04
1.131934841396287084e-04
1.129778538597747684e-04
1.127547293435782194e-04
1.125340131693519652e-04
1.123148758779279888e-04
1.120968008763156831e-04
1.118832005886361003e-04
1.116744679166004062e-04
1.114703263738192618e-04
1.112760364776477218e-04
1.110882003558799624e-04
1.108882424887269735e-04
1.106831186916679144e-04
1.104709881474263966e-04
1.102703390643000603e-04
1.100769732147455215e-04
1.098914508474990726e-04
1.097130589187145233e-04
1.095267652999609709e-04
1.093300961656495929e-04
1.091247977456077933e-04
1.089230936486274004e-04
1.087214186554774642e-04
1.085365001927129924e-04
1.083624083548784256e-04
1.081836089724674821e-04
1.079957946785725653e-04
1.077974229701794684e-04
1.075983309419825673e-04
1.074047177098691463e-04
1.072129598469473422e-04
1.070269572664983571e-04
1.068416022462770343e-04
1.066599143086932600e-04
1.064777607098221779e-04
1.062973969965241849e-04
1.061145958374254405e-04
1.059307105606421828e-04
1.057479603332467377e-04
1.055662069120444357e-04
1.053897867677733302e-04
1.052066145348362625e-04
1.050257924362085760e-04
1.048491394612938166e-04
1.046759789460338652e-04
1.044993259711191058e-04
1.043261727318167686e-04
1.041449431795626879e-04
1.039655398926697671e-04
1.037888214341364801e-04
1.036140238284133375e-04
1.034368760883808136e-04
1.032605578075163066e-04
1.030903222272172570e-04
1.029189152177423239e-04
1.027467005769722164e-04
1.025757883326150477e-04
1.024045923259109259e-04
1.022330980049446225e-04
1.020662966766394675e-04
1.018986877170391381e-04
1.017238682834431529e-04
1.015579910017549992e-04
1.013919245451688766e-04
1.012234060908667743e-04
1.010546693578362465e-04
1.008885519695468247e-04
1.007216851576231420e-04
1.005524536594748497e-04
1.003880679490976036e-04
1.002279241220094264e-04
1.000614283839240670e-04
9.990163380280137062e-05
9.973772102966904640e-05
9.957521979231387377e-05
9.941513417288661003e-05
9.925651829689741135e-05
9.909619984682649374e-05
9.893855167319998145e-05
9.879084245767444372e-05
9.864588355412706733e-05
9.851562936091795564e-05
9.840982966125011444e-05
9.833164222072809935e-05
9.828532347455620766e-05
9.833532385528087616e-05
9.854503150563687086e-05
9.896008850773796439e-05
9.965844219550490379e-05
1.009005209198221564e-04
1.030939747579395771e-04
1.070690705091692507e-04
1.137798826675862074e-04
1.258744159713387489e-04
1.456453173886984587e-04
1.812450936995446682e-04
2.357529883738607168e-04
3.353890206199139357e-04
4.711825458798557520e-04
7.131838356144726276e-04
9.314855560660362244e-04
1.240127487108111382e-03
1.163401640951633453e-03
9.568199166096746922e-04
4.696246469393372536e-04
2.584313624538481236e-04
3.956512664444744587e-04
5.428389413282275200e-04
4.377344448585063219e-04
