8.506094162363808664e-10
1.291757712351682130e-06
5.352868811314692721e-06
1.258751035493332893e-05
2.351701186853460968e-05
3.877631388604640961e-05
5.931851046625524759e-05
8.883378905011340976e-05
1.364026975352317095e-04
2.069635957013815641e-04
2.927057794295251369e-04
3.845438768621534109e-04
4.618964449036866426e-04
4.885951057076454163e-04
4.677176475524902344e-04
2.729269326664507389e-04
2.288893010700121522e-04
1.889235863927751780e-04
1.378466113237664104e-04
8.762857760302722454e-05
6.174936424940824509e-05
5.233888441580347717e-05
5.159983993507921696e-05
8.354250894626602530e-05
1.841301418608054519e-04
3.668208955787122250e-04
6.316829822026193142e-04
8.067792514339089394e-04
8.316755993291735649e-04
8.018955704756081104e-04
7.194056524895131588e-04
5.854181945323944092e-04
4.129019216634333134e-04
2.482443815097212791e-04
1.341738097835332155e-04
7.987643039086833596e-05
6.507841317215934396e-05
7.415012078126892447e-05
1.031541469274088740e-04
1.441121276002377272e-04
1.844078651629388332e-04
2.117065159836784005e-04
2.202887408202514052e-04
2.026744186878204346e-04
1.585573772899806499e-04
1.018484763335436583e-04
5.573759335675276816e-05
3.376428503543138504e-05
2.820025292749051005e-05
2.857491381291765720e-05
3.919770460925064981e-05
3.832545189652591944e-05
3.675249172374606133e-05
4.783482290804386139e-05
6.725935963913798332e-05
7.122719398466870189e-05
5.799909558845683932e-05
4.427828753250651062e-05
4.074996468261815608e-05
4.765358971781097353e-05
2.883968227251898497e-05
2.456916445225942880e-05
3.731193282874301076e-05
2.580409636721014977e-05
4.552410246105864644e-05
1.449891897209454328e-05
4.318460923968814313e-05
6.605662201764062047e-05
2.499178663128986955e-05
2.556705294409766793e-05
4.494009044719859958e-05
2.316479549335781485e-05
2.432458131806924939e-05
3.997447129222564399e-05
2.054815740848425776e-05
1.482798234064830467e-05
2.870450589398387820e-05
4.540328518487513065e-05
2.043785571004264057e-05
1.308862738369498402e-05
2.415468225080985576e-05
4.266558607923798263e-05
2.206342833233065903e-05
1.080822676158277318e-05
1.704074020381085575e-05
3.298819501651450992e-05
2.146720544260460883e-05
1.290096497541526332e-05
1.854423680924810469e-05
2.882433363993186504e-05
2.111743924615439028e-05
1.686597533989697695e-05
2.341013168916106224e-05
2.532601138227619231e-05
1.752095340634696186e-05
1.792960028978995979e-05
2.338072590646333992e-05
1.752751813910435885e-05
1.446301030227914453e-05
2.142737685062456876e-05
2.131417932105250657e-05
1.354082269244827330e-05
1.617493762751109898e-05
2.380514160904567689e-05
1.507453816884662956e-05
1.230385169037617743e-05
2.120128738170024008e-05
2.053344360319897532e-05
1.187209818453993648e-05
1.588426130183506757e-05
2.305795533175114542e-05
1.309320396103430539e-05
1.327017162111587822e-05
2.122951445926446468e-05
1.538554897706490010e-05
1.185562905448023230e-05
1.758656253514345735e-05
1.501222141087055206e-05
1.219904515892267227e-05
1.600009272806346416e-05
1.485056600358802825e-05
1.365868502034572884e-05
1.545264967717230320e-05
1.316829275310738012e-05
1.426579092367319390e-05
1.448529019398847595e-05
1.214885378431063145e-05
1.560305281600449234e-05
1.305452769884141162e-05
1.200491897179745138e-05
1.562729812576435506e-05
1.110336506826570258e-05
1.383761627948842943e-05
1.275691647606436163e-05
1.238521781488088891e-05
1.316128964390372857e-05
1.203993633680511266e-05
1.320548471994698048e-05
1.073910516424803063e-05
1.413994687027297914e-05
9.575772310199681669e-06
1.477007845096522942e-05
9.120538379647769034e-06
1.475289627705933526e-05
8.166385669028386474e-06
1.644316398596856743e-05
6.509466857096413150e-06
2.030787254625465721e-05
4.433958110894309357e-06
2.366326589253731072e-05
4.921934305457398295e-06
1.563131991133559495e-05
1.295904894504928961e-05
6.026994014973752201e-06
1.600507675902917981e-05
6.850699719507247210e-06
9.881505320663563907e-06
1.328720645688008517e-05
5.908016191824572161e-06
1.247460386366583407e-05
9.938819857779890299e-06
7.432688562403200194e-06
1.346850694972090423e-05
7.193526926130289212e-06
8.459666787530295551e-06
1.156968028226401657e-05
6.086633220547810197e-06
1.216569216921925545e-05
8.925199836085084826e-06
6.970776667003519833e-06
1.221913498739013448e-05
5.994766070216428488e-06
9.109080565394833684e-06
1.047892965289065614e-05
5.662976946041453630e-06
1.153574885393027216e-05
6.661482530034845695e-06
7.204501798696583137e-06
1.170623636426171288e-05
5.190407591726398095e-06
1.056836481438949704e-05
6.656528967141639441e-06
6.729106644343119115e-06
1.023806635203072801e-05
5.723217327613383532e-06
9.693289939605165273e-06
6.367373771354323253e-06
7.423466286127222702e-06
7.320135409827344120e-06
7.078916951286373660e-06
6.459006272052647546e-06
8.662292202643584460e-06
5.185672762308968231e-06
1.005760168482083827e-05
4.599348358169663697e-06
9.323506674263626337e-06
5.420085471996571869e-06
7.148729309847112745e-06
6.460995791712775826e-06
5.564652383327484131e-06
7.698450644966214895e-06
6.118649707786971703e-06
6.776737336622318253e-06
7.299595381482504308e-06
3.851515884889522567e-06
1.209992205986054614e-05
2.242882601422024891e-06
2.159869472961872816e-05
3.655424052340094931e-06
2.002169094339478761e-05
3.456892045505810529e-06
5.271032478049164638e-06
1.195559616462560371e-05
3.057850790355587378e-06
4.392206847114721313e-06
7.593599548272322863e-06
3.875024958688300103e-06
4.403728780744131655e-06
9.903956197376828641e-06
3.319259121781215072e-06
3.929482772946357727e-06
1.177746526082046330e-05
2.626991317811189219e-06
5.316986516845645383e-06
1.025456913339439780e-05
1.940368292707717046e-06
6.464554189733462408e-06
9.726580174174159765e-06
2.147936811525141820e-06
6.952088824618840590e-06
7.080583145580021665e-06
2.044268285317230038e-06
6.333525561785791069e-06
6.470735570474062115e-06
3.031730557268019766e-06
5.450854132504900917e-06
5.925673121964791790e-06
2.860021595552098006e-06
4.512684881774475798e-06
7.151622412493452430e-06
2.466805199219379574e-06
5.099681857245741412e-06
5.641079496854217723e-06
2.305268253621761687e-06
6.734093403792940080e-06
4.765179710375377908e-06
3.219605105186928995e-06
5.688862529495963827e-06
3.307407723696087487e-06
3.429631078688544221e-06
4.842416728934040293e-06
3.507910150801762938e-06
3.673637820611475036e-06
4.643508873414248228e-06
3.200819946869160049e-06
4.241319857101188973e-06
4.544970124698011205e-06
2.710437456698855385e-06
5.690421858162153512e-06
2.514036623324500397e-06
4.738122242997633293e-06
3.147118377455626614e-06
3.895881491189356893e-06
3.154217438350315206e-06
4.486887974053388461e-06
2.352466935917618684e-06
4.889061074209166691e-06
2.269734750370844267e-06
4.951922619511606172e-06
2.767606474662898108e-06
4.766738129546865821e-06
2.335367526029585861e-06
4.849504421144956723e-06
1.447203658244688995e-06
8.137822078424505889e-06
1.350050865767116193e-06
1.042565963871311396e-05
1.293762579734902829e-06
5.644342309096828103e-06
3.728609499376034364e-06
1.505470550000609364e-06
6.373038104356965050e-06
1.334765329374931753e-06
3.635033863247372210e-06
4.664730568038066849e-06
1.473474412705400027e-06
5.564162620430579409e-06
1.812035861803451553e-06
2.387575932516483590e-06
4.671750048146350309e-06
1.371302232655580156e-06
4.728738986159441993e-06
2.348401949348044582e-06
2.290300017193658277e-06
4.252417966199573129e-06
1.595072149029874709e-06
3.578802306947181933e-06
2.308514012838713825e-06
2.071533344860654324e-06
4.061073923367075622e-06
1.747139322105795145e-06
3.175253141307621263e-06
2.301615950273117051e-06
2.079526893794536591e-06
3.136812665616162121e-06
1.933596195158315822e-06
2.696995579754002392e-06
2.245365294584189542e-06
2.463777718730852939e-06
2.568183390394551679e-06
2.102542566717602313e-06
2.637375928316032514e-06
1.891633701234241016e-06
2.646739858391811140e-06
2.072554480037069879e-06
2.589275709397043101e-06
2.076361624858691357e-06
2.087275106532615609e-06
2.372100652792141773e-06
1.884545326902298257e-06
2.615747689560521394e-06
1.666371190367499366e-06
2.566425337136024609e-06
1.825624622142640874e-06
2.453980414429679513e-06
1.704744477137865033e-06
2.417104496998945251e-06
1.550605475131305866e-06
3.028927039849804714e-06
1.219851014866435435e-06
3.469216835583210923e-06
9.462859793529787567e-07
4.764566710946382955e-06
8.472283070659614168e-07
7.141826245060656220e-06
1.626655944164667744e-06
1.043539396050618961e-05
1.838875164139608387e-06
6.791365194658283144e-06
1.141836719398270361e-06
1.084800601347524207e-06
5.315788712323410437e-06
9.304119430453283712e-07
3.431444611123879440e-06
2.180647697969106957e-06
7.691926384723046795e-07
4.447428182174917310e-06
9.631576176616363227e-07
1.419056388840544969e-06
3.599481260607717559e-06
7.257941661009681411e-07
2.834313818311784416e-06
2.122097612300422043e-06
8.549818630854133517e-07
3.171521257172571495e-06
9.810067922444432043e-07
1.421995875716675073e-06
2.241049742224276997e-06
9.542671932649682276e-07
1.954703520823386498e-06
2.010301386690116487e-06
9.616001079848501831e-07
2.924274213000899181e-06
9.143803936240146868e-07
1.703793031992972828e-06
1.399439383931166958e-06
1.411292487318860367e-06
1.230004613717028406e-06
2.661739472387125716e-06
6.451452918554423377e-07
4.484394594328477979e-06
6.372043799274251796e-07
2.570678134361514822e-06
2.040609388131997548e-06
6.263624641178466845e-07
2.888860535676940344e-06
7.308025260499562137e-07
1.040754682435363065e-06
3.035658210137626156e-06
7.134556767596222926e-07
1.708068566586007364e-06
1.966419858945300803e-06
6.886855317134177312e-07
1.944799805642105639e-06
1.267662810278125107e-06
7.964715109665121417e-07
1.831446070355013944e-06
1.074490796781901736e-06
1.147843022408778779e-06
1.488583052378089633e-06
1.111143433263350744e-06
1.275872023143165279e-06
1.039223889165441506e-06
1.567194431117968634e-06
1.024604330268630292e-06
1.245675434802251402e-06
1.219111709360731766e-06
8.019511028578563128e-07
1.400200972057064064e-06
9.529844646749552339e-07
1.020152353703451809e-06
1.347386728411947843e-06
1.091755166271468624e-06
1.245559587914613076e-06
1.085481130758125801e-06
1.091574290512653533e-06
9.012773034555721097e-07
1.000383804239390884e-06
1.155092832050286233e-06
9.306584161095088348e-07
1.258206566490116529e-06
9.736587571751442738e-07
1.021460207084601279e-06
1.180840172310126945e-06
8.366178008145652711e-07
1.013441078612231649e-06
1.045377416630799416e-06
1.072519012268458027e-06
9.224169161825557239e-07
9.763244861460407265e-07
8.776516438047110569e-07
8.835022526909597218e-07
9.493483048572670668e-07
9.434871799385291524e-07
9.782977485883748159e-07
1.160975443781353533e-06
8.806678692963032518e-07
9.447878142054833006e-07
7.894935265539970715e-07
9.068342592399858404e-07
7.997745683496759739e-07
9.990175158236525021e-07
7.298614832507155370e-07
1.152784534497186542e-06
6.610911782445327844e-07
1.075724981092207599e-06
7.087245990078372415e-07
1.123602714869775809e-06
6.319310159597080201e-07
1.345161763310898095e-06
4.085505622697382933e-07
2.022781472987844609e-06
4.051601365517853992e-07
3.482646661723265424e-06
1.216353439303929918e-06
6.788966402382357046e-06
3.818303412117529660e-06
1.028306724037975073e-05
3.405755705898627639e-06
3.527052513163653202e-06
1.861358555288461503e-06
1.553479478388908319e-06
4.434358743310440332e-06
4.858978854827000760e-07
4.494413303746114252e-07
3.765078872675076127e-06
4.923361416331317741e-07
7.301943583115644287e-07
2.876798816942027770e-06
5.609475124401797075e-07
1.133136379394272808e-06
2.284966740262461826e-06
4.772841180056275334e-07
1.328013468082644977e-06
2.083193976432085037e-06
4.269694500180776231e-07
1.123893298426992260e-06
1.435925128134840634e-06
4.104653896774834720e-07
1.319108605457586236e-06
1.336578748123429250e-06
3.444221476911479840e-07
1.133691057475516573e-06
1.287635882363247219e-06
3.246024391501123318e-07
1.013300902741320897e-06
9.447335287404712290e-07
3.206048404535977170e-07
1.179519586003152654e-06
1.072016175385215320e-06
3.182870216278388398e-07
9.782328334040357731e-07
7.031447921690414660e-07
3.486084381165710511e-07
9.907613502946333028e-07
5.894592618460592348e-07
3.853420196264778497e-07
1.343156668554001953e-06
5.436303922579099890e-07
4.386037630865757819e-07
8.524791610398096964e-07
3.873994103287259350e-07
6.080318257772887591e-07
8.268066267191898078e-07
3.975777360665233573e-07
6.673897701148234773e-07
7.442371270371950231e-07
3.916780144663789542e-07
7.247976441249193158e-07
5.215433134253544267e-07
4.345634181390778394e-07
9.045538718055468053e-07
5.367756443774851505e-07
4.516090257311589085e-07
6.545161568283219822e-07
3.933286905066779582e-07
5.279324568618903868e-07
7.870463605286204256e-07
3.627896774105465738e-07
6.673244001831335481e-07
5.692690479008888360e-07
4.271885529760766076e-07
5.479170681610412430e-07
4.212468240893940674e-07
4.451949564554524841e-07
6.467427056122687645e-07
5.113178644933213945e-07
5.732997010454710107e-07
5.203480100135493558e-07
4.037518408495088806e-07
5.122743687024922110e-07
4.214483055875462014e-07
5.121725052958936431e-07
4.384432941151317209e-07
5.966853109384828713e-07
3.958120373681595083e-07
5.277148034110723529e-07
3.613207866237644339e-07
5.655020913764019497e-07
4.200284138278220780e-07
6.015501980982662644e-07
3.296132433661114192e-07
5.769118729403999168e-07
3.086044841893453849e-07
6.117633120084065013e-07
3.507248322875966551e-07
6.094706463954935316e-07
3.092219458267209120e-07
7.970382398525543977e-07
2.360933848422064329e-07
1.455209940104396082e-06
5.456358280753192957e-07
2.250583975182962604e-06
3.919548703379405197e-07
8.365633448192966171e-07
8.920852678784285672e-07
4.428064244166307617e-07
8.471201340398692992e-07
2.883612353343778523e-07
2.445831341901794076e-07
1.369082269775390159e-06
3.308891507458611159e-07
2.668862180144060403e-07
7.367285093096143100e-07
2.610488252230425132e-07
2.808912142882036278e-07
6.224716457836620975e-07
4.102730031263490673e-07
3.170705156207986875e-07
6.739549007761524990e-07
3.838350437490589684e-07
2.479932845744770020e-07
4.191277582776820054e-07
4.306582184199214680e-07
2.667141245638049440e-07
4.876987986790481955e-07
4.906390245196234901e-07
2.365575539897690760e-07
4.012609906567377038e-07
4.509695656906842487e-07
2.224133481831813697e-07
4.327319800268014660e-07
3.902219987139687873e-07
2.852709428680100245e-07
4.128991690777183976e-07
3.604903042742080288e-07
2.943641277397546219e-07
3.482990962311305339e-07
3.607173084674286656e-07
3.137938904274051310e-07
3.684380089907790534e-07
3.946074684790801257e-07
3.480762416074867360e-07
2.769727416307432577e-07
3.564575195014185738e-07
2.794679687667667167e-07
3.107572297267324757e-07
4.029884053124987986e-07
2.597496120415598853e-07
3.271318007591617061e-07
3.949768370148376562e-07
3.182307750648760702e-07
2.858368759461882291e-07
2.995987813392275712e-07
3.174157825469592353e-07
2.569955483977537369e-07
3.490134758976637386e-07
2.828814729127770988e-07
2.932031293312320486e-07
3.802541925779223675e-07
2.811937633850902785e-07
2.776546921268163715e-07
3.138887052500649588e-07
2.803494112413318362e-07
3.084614093040727312e-07
2.923993349668307928e-07
2.911577325903635938e-07
2.414324740129814018e-07
3.352802195877302438e-07
2.565965644407697255e-07
2.760050676897662925e-07
2.890777466291183373e-07
2.592899761566513916e-07
3.483972363937937189e-07
2.478083160895039327e-07
2.828084859629598213e-07
2.264129932427749736e-07
3.778589530156750698e-07
2.610469778119295370e-07
2.523292437217605766e-07
2.683343893750134157e-07
2.142933652748979512e-07
3.431077288951200899e-07
2.076895952995982952e-07
3.387422964351571864e-07
1.855369475833867909e-07
4.470800547551334603e-07
1.825386277687357506e-07
4.335129233368206769e-07
1.608790114460134646e-07
4.074958610544854309e-07
1.719386375498288544e-07
3.936044379315717379e-07
1.663054547407227801e-07
3.730100672783009941e-07
1.831344746960894554e-07
3.542731974448543042e-07
1.830008500292024110e-07
2.812038246702286415e-07
2.756326580310997088e-07
2.507820795472071040e-07
2.387881750109954737e-07
1.932923794356611324e-07
2.961252221211907454e-07
1.728124203737024800e-07
3.793172140831302386e-07
1.456848650605024886e-07
6.055391850168234669e-07
1.599103143234970048e-07
1.023983031700481661e-06
5.384820838116866071e-07
2.066980641757254489e-06
1.762027181939629372e-06
5.050868367106886581e-06
4.711145265900995582e-06
6.682923867629142478e-06
3.029077333849272691e-06
1.723486093396786600e-06
7.410807256746920757e-07
1.764447119967371691e-06
2.467972990416456014e-06
4.494445136060676305e-07
1.905455775386144524e-07
1.855921937021776102e-06
7.722844657109817490e-07
5.179483650863403454e-07
1.051528329298889730e-06
6.357348638630355708e-07
9.013352837428101338e-07
4.672792783821932971e-07
3.823449219453323167e-07
1.094011281566054095e-06
2.474009761499473825e-07
2.321739884791895747e-07
7.610564694005006459e-07
1.488242844516207697e-07
1.380119840632687556e-07
7.287843573067220859e-07
1.396021787058998598e-07
1.786910104328853777e-07
6.019652118993690237e-07
1.443536916667653713e-07
2.255721653909859015e-07
4.467230212412687251e-07
1.400282059194069006e-07
3.675567938898893772e-07
2.622802242058241973e-07
1.329334367028423003e-07
3.832238633094675606e-07
1.916213250297005288e-07
1.349723532939606230e-07
3.296261184004833922e-07
1.530722215647983830e-07
1.684954611391731305e-07
3.024219097369496012e-07
1.315123085987579543e-07
1.906973920995369554e-07
2.762942301615112228e-07
1.529318325310669024e-07
2.574696509327623062e-07
1.853228326353928423e-07
1.482782181483344175e-07
2.686236655335960677e-07
1.625785586156780482e-07
1.496823358593246667e-07
2.470745243954297621e-07
1.605998818376974668e-07
1.763323069781108643e-07
2.228571105433729826e-07
1.456847513736647670e-07
2.377069279191346141e-07
1.839431433836580254e-07
1.481273272929684026e-07
1.968855798395452439e-07
1.588329325841186801e-07
1.615024842749335221e-07
1.866861794042051770e-07
1.525476704955508467e-07
1.939347100687882630e-07
1.997593130909081083e-07
1.640011504377980600e-07
1.575890706817517639e-07
1.708539372202722006e-07
1.484846734456368722e-07
1.614524194337718654e-07
1.682519013002092834e-07
1.728539871237444459e-07
1.917576923915476073e-07
1.650313095069577685e-07
1.531226132556184893e-07
1.661908726191541064e-07
1.578458181938913185e-07
1.559324829258912359e-07
1.458299152545805555e-07
1.554925290747632971e-07
1.660620938537249458e-07
1.692566655719929258e-07
1.490911358814628329e-07
1.752125911025359528e-07
1.587848430517624365e-07
1.436962975276401266e-07
1.891462773073726567e-07
1.188275149388573482e-07
1.595950038790761027e-07
1.631045449812518200e-07
1.478836537671668339e-07
1.912255953584462986e-07
1.270235969741406734e-07
1.513549818810133729e-07
1.504948414776663412e-07
1.213042821746057598e-07
1.827709468216198729e-07
1.245541056960064452e-07
1.876954200952241081e-07
1.496905355224953382e-07
1.343031641454217606e-07
1.582310886760751600e-07
1.235269309063369292e-07
1.473055135647882707e-07
1.313352271381518221e-07
1.419623174570006086e-07
1.810778087474318454e-07
1.303218795101201977e-07
1.465903238795362995e-07
1.259480484350206098e-07
1.468321784159343224e-07
1.428902720590485842e-07
1.287156123908062000e-07
1.249900094535405515e-07
1.382247489800647600e-07
1.477519333548116265e-07
1.219007828012763639e-07
1.626207080107633374e-07
1.240210139030750724e-07
1.642666092038780334e-07
1.168410221907834057e-07
1.221596335199137684e-07
1.242321587824335438e-07
1.842518315697816433e-07
1.190797007666333229e-07
1.255112067610753002e-07
1.230722830314334715e-07
1.319402826993609779e-07
1.275002574629979790e-07
1.110626612899068277e-07
1.483796552292915294e-07
1.309850290454050992e-07
1.678262719906342681e-07
9.741246742578368867e-08
1.911239166929590283e-07
9.701891201530088438e-08
2.182114968718451564e-07
9.743932594119542046e-08
1.622651240040795528e-07
1.130297277995850891e-07
1.244817866563607822e-07
1.052023108627508918e-07
1.274296721476275707e-07
9.849622983892913908e-08
1.949872086015602690e-07
9.304964265766102471e-08
2.223934103540159413e-07
9.307822068649329594e-08
1.910633216084534070e-07
9.345097140567304450e-08
1.481552800441932050e-07
1.048036892825621180e-07
1.195516006191610359e-07
1.255816926004627021e-07
1.072342428187766927e-07
1.115246774929801177e-07
1.236632414247651468e-07
1.055795451065932866e-07
1.305178471966428333e-07
1.054577438708292902e-07
1.457857337072709925e-07
9.226725694588822080e-08
1.587820719350929721e-07
9.029027836504610605e-08
1.790924102351709735e-07
8.859806399641456665e-08
2.282485098703546100e-07
9.525778921215533046e-08
2.533237477564398432e-07
1.138052283522483776e-07
2.990736902575008571e-07
1.159513942639023298e-07
2.650430701578443404e-07
9.263224853839346906e-08
1.695214280061918544e-07
9.307381532153158332e-08
9.515871113308094209e-08
1.552710671148815891e-07
8.749184843281909707e-08
2.035848183368216269e-07
8.930962280828680377e-08
1.910248386138846399e-07
8.468898471392094507e-08
1.324075356023968197e-07
1.067553014877375972e-07
9.350554819320677780e-08
1.489611491933828802e-07
8.534753703770547872e-08
1.788267240954155568e-07
8.662438233386637876e-08
2.045212426082798629e-07
8.490545866379761719e-08
1.777777924871770665e-07
8.236600024247309193e-08
1.584764675044425530e-07
8.448320443221746245e-08
2.264323626377517940e-07
9.390186050950433128e-08
3.130767538550571771e-07
1.836594378801237326e-07
5.087169370199262630e-07
3.261364156514900969e-07
7.573659672743815463e-07
5.672194447470246814e-07
1.149423951574135572e-06
7.989334562807925977e-07
1.472235567234747577e-06
1.086145744011446368e-06
1.458830411138478667e-06
9.080996505872462876e-07
9.758936130310758017e-07
3.441040234974934720e-07
2.424241074550081976e-07
1.150460278154241678e-07
1.180179936000058660e-07
4.231289096878754208e-07
2.896176454214582918e-07
5.190759679862821940e-07
1.169787964272472891e-07
1.471651103202020749e-07
1.537707561283241375e-07
1.234601256783207646e-07
4.309771668431494618e-07
2.118905655379421660e-07
3.616847834564396180e-07
9.610966600348547217e-08
1.337164121650857851e-07
1.091046613055368653e-07
8.527523931434188853e-08
2.364559179568459513e-07
9.366812747657604632e-08
1.438146455257083289e-07
1.310310864255370689e-07
9.271180800851652748e-08
2.912056800141726853e-07
1.939055778166220989e-07
4.119073082620161586e-07
1.924248778095716261e-07
3.118499876109126490e-07
8.660872907739758375e-08
1.406114620294829365e-07
9.533773948078305693e-08
7.751710029424430104e-08
1.553563748757369467e-07
9.214753049491264392e-08
1.714965662813483505e-07
7.692378289902990218e-08
1.169971000081204693e-07
9.420734414788967115e-08
8.350657054734256235e-08
1.153428712541426648e-07
7.898562159880384570e-08
1.079078018051404797e-07
8.127457817863614764e-08
8.335345569321361836e-08
1.087220340423300513e-07
7.387961176164026256e-08
1.267593461307114922e-07
7.370765331415896071e-08
1.202180754944492946e-07
7.426499593066182570e-08
8.713989529951504664e-08
9.806397827105683973e-08
8.230152559463022044e-08
1.015766670775519742e-07
7.639016530447406694e-08
8.980335053365706699e-08
1.042066344325576210e-07
7.399879820013666176e-08
9.536888256889142212e-08
7.547951952346920734e-08
9.211783691398522933e-08
9.378128140724584227e-08
7.265121126920348615e-08
1.234408131267628050e-07
7.483085084913909668e-08
1.304257892797977547e-07
7.548032954218797386e-08
1.187332259178219829e-07
7.468662488463451155e-08
1.037934396208584076e-07
7.517008526747304131e-08
9.317435711864163750e-08
7.311993499570235144e-08
1.003599763294005243e-07
7.037927218789263861e-08
1.178423829628627573e-07
7.125179735112396884e-08
1.133812688181023987e-07
7.263086843067867449e-08
1.260420816606711014e-07
7.578073280001262901e-08
1.017071653564016742e-07
7.899369336428208044e-08
9.362497621623333544e-08
8.547088725663343212e-08
6.977997912827049731e-08
1.038162338318215916e-07
7.246041633379718405e-08
1.217615590576315299e-07
7.887944519779921393e-08
1.982973145686628413e-07
9.721249227823136607e-08
2.546014172821742250e-07
1.905210922359401593e-07
4.178783967745403061e-07
3.517896516314067412e-07
7.369877152996195946e-07
7.333204621318145655e-07
1.397119490320619661e-06
1.416408281329495367e-06
2.147324494217173196e-06
2.103565066136070527e-06
2.277548674101126380e-06
1.408569914929103106e-06
8.533300501767371316e-07
1.448006088367037592e-07
1.167857703876507003e-07
5.740895971939607989e-07
7.585721277791890316e-07
8.121896257762273308e-07
2.120112299053289462e-07
1.262471442942114663e-07
2.258981623981526354e-07
2.701627295209618751e-07
4.721156017239991343e-07
1.526840236465432099e-07
1.096012951506963873e-07
1.596156806726867217e-07
1.585507902746030595e-07
3.074533196922857314e-07
1.067067998405946128e-07
7.371090759988874197e-08
1.952149375483713811e-07
1.708063877003951347e-07
3.359802747127105249e-07
1.269427798433753196e-07
1.295704805670538917e-07
7.936861123880589730e-08
7.489443731856226805e-08
1.087505765440255345e-07
7.061311180223128758e-08
7.103449206624645740e-08
1.239443605527412728e-07
8.420805386322172126e-08
1.108023468532337574e-07
6.635411864408524707e-08
6.704829758064079215e-08
1.412456214211488259e-07
8.600783729661998223e-08
1.044254105408981559e-07
8.802544471109285951e-08
7.354955755545233842e-08
1.412498420449992409e-07
7.200789298167364905e-08
8.198168188755516894e-08
1.305408261487173149e-07
9.218313579140158254e-08
1.349616809420695063e-07
6.583402267779092654e-08
7.170299198833163246e-08
1.101721238683239790e-07
8.150774277737582452e-08
1.241457283640556852e-07
6.590267531692006742e-08
6.608360081372666173e-08
9.231905551132513210e-08
6.711152877869608346e-08
9.040048354336249758e-08
7.477979835357473348e-08
6.376292560617002891e-08
9.177922066783139599e-08
6.377320005412911996e-08
7.674980651017904165e-08
6.769168692244420527e-08
6.627960402738608536e-08
8.609815438376244856e-08
6.418371611971451784e-08
8.178099619726708625e-08
6.566629195958739729e-08
7.507536281536886236e-08
6.472926372680376517e-08
1.011413033324970456e-07
6.728483725737532950e-08
6.544273389863519697e-08
7.674611879338044673e-08
6.397674212621495826e-08
7.270764257327755331e-08
6.637976213141882909e-08
6.855011491779805510e-08
9.143663248778466368e-08
6.293095822229588521e-08
7.395470902338274755e-08
6.405118568864054396e-08
7.551874858791052247e-08
6.677356623185914941e-08
6.836070554072648520e-08
7.190460848960356088e-08
6.609410263536119601e-08
7.644995747568827937e-08
6.268908947504314710e-08
6.830681797964643920e-08
6.322686374460317893e-08
7.324159412291919580e-08
6.137732100341963815e-08
8.044050048283679644e-08
6.231221760799598997e-08
8.449735133808644605e-08
6.275486441609245958e-08
7.326003981233952800e-08
6.481464254193269880e-08
6.624234316632282571e-08
6.782276074090987095e-08
6.172037814167197212e-08
7.330507401093200315e-08
6.312636458005727036e-08
6.902261873165116413e-08
6.215740455672857934e-08
7.534110579854313983e-08
6.415650233293490601e-08
6.267220697964148712e-08
6.208008329622316523e-08
6.978508082511325483e-08
6.702149590864792117e-08
6.989358780629117973e-08
6.376151162612586631e-08
9.457041727500836714e-08
6.188430035081182723e-08
6.979461630862715538e-08
6.255289264345265110e-08
6.099988780761123053e-08
1.008247920708527090e-07
8.154589181685878430e-08
1.525262405266403221e-07
1.108013591988310509e-07
2.122146725014317781e-07
1.374364444473030744e-07
1.778827964926676941e-07
9.523507316089308006e-08
1.291021902716238401e-07
7.103945875996942050e-08
8.008817076188279316e-08
6.085809900469030254e-08
6.068705715733813122e-08
7.884590758067133720e-08
7.164103976720070932e-08
1.117904773195732560e-07
7.472850427348021185e-08
1.047703577228276117e-07
6.207138625313746161e-08
7.969113369199476438e-08
6.171549671307730023e-08
5.953481974074747995e-08
7.528399237344274297e-08
6.669375807177857496e-08
1.129314313175200368e-07
7.177039407224583556e-08
1.196024470573320286e-07
7.500020160478015896e-08
9.235142783836636227e-08
6.246117578712073737e-08
7.439592053515298176e-08
6.330559187972539803e-08
5.896881916100937815e-08
8.861314171326739597e-08
8.033894971504196292e-08
1.278702796980724088e-07
9.198277695077194949e-08
1.502660609276063042e-07
8.987358768308695289e-08
1.203536896809964674e-07
7.080458885866391938e-08
7.364439369439423899e-08
5.720339046888511803e-08
5.958022342156255036e-08
6.334825286558043445e-08
5.724196583400953386e-08
6.381095829510741169e-08
5.796024282744838274e-08
6.289535292580694659e-08
5.948279735434880422e-08
5.831838834069458244e-08
7.438033833295776276e-08
6.544343023051624186e-08
1.129957993839525443e-07
1.053055456168294768e-07
2.004773023145389743e-07
1.829334053127240622e-07
3.262746872678690124e-07
3.066862177547591273e-07
4.873892294199322350e-07
4.879109951616555918e-07
6.242651693355583120e-07
5.874968564967275597e-07
7.615215054102009162e-07
6.254128379623580258e-07
6.641684535679814871e-07
4.869419285569165368e-07
4.377852746983990073e-07
2.556457445734849898e-07
1.925833714722102741e-07
7.054148198903931188e-08
5.904598410211292503e-08
9.212281071313555003e-08
1.229577719641383737e-07
2.507534873075201176e-07
2.233094136272484320e-07
3.166053375025512651e-07
2.092280624310660642e-07
2.018349505306105129e-07
8.267740270184731344e-08
6.904130600560165476e-08
6.339683977785171010e-08
7.222615039381707902e-08
1.439513681589232874e-07
1.260369941746830591e-07
1.974804746396330302e-07
1.458472382864783867e-07
1.904072064462525304e-07
1.001512686116257100e-07
8.416260044441514765e-08
5.625116017426989856e-08
5.611986608755614725e-08
1.020332263124146266e-07
9.063018779897902277e-08
1.493208827696435037e-07
1.041319777073113073e-07
1.135851306344193290e-07
6.517066708511265460e-08
7.659736667164906976e-08
5.480755405073978181e-08
5.528698565626655181e-08
6.592996726340061286e-08
5.654928258991276380e-08
8.225002545714232838e-08
6.899628601786389481e-08
9.744726980898121838e-08
6.528253493343072478e-08
8.444504118187978747e-08
5.732222874144099478e-08
6.505260330413875636e-08
5.502491262632247526e-08
5.389521007259645557e-08
6.283881504032251542e-08
5.502251454458928492e-08
6.572693678208452184e-08
5.920860957076001796e-08
7.854301031784416409e-08
5.323634866272186628e-08
5.787193657624811749e-08
5.529624047539982712e-08
5.497174271340554697e-08
6.590897783098625951e-08
5.843469708111115324e-08
6.130287033556669485e-08
5.394491964239023218e-08
6.007758202031254768e-08
5.458263174773492210e-08
5.281945547608302149e-08
7.435236426545088761e-08
5.752963616600936803e-08
8.046309574183396762e-08
7.516685229802533286e-08
9.797782496434592758e-08
6.558697407399449730e-08
8.984876842532685259e-08
6.674797958794442820e-08
7.986236738588559092e-08
5.803025970863018301e-08
6.945558084225922357e-08
5.694060334349160257e-08
6.901414195681354613e-08
5.320752194393207901e-08
5.384603340985449904e-08
5.414115378243877785e-08
5.449859585837657505e-08
5.543482828329615586e-08
5.590611706907111511e-08
5.299383687429326528e-08
6.503761795784157584e-08
5.887252285674549057e-08
7.561730797078780597e-08
7.654819000890711322e-08
1.401817257828952279e-07
1.394479056671116268e-07
2.498056801414350048e-07
2.896316004807886202e-07
4.749675781567930244e-07
5.380398988563683815e-07
7.475576353499491233e-07
8.279045005110674538e-07
1.068479491550533567e-06
1.037385914059996139e-06
9.920944421537569724e-07
7.432103643623122480e-07
4.556137298550311243e-07
1.312930066887929570e-07
5.588693241520559241e-08
1.850607134201709414e-07
3.890804975981154712e-07
5.449640525512222666e-07
4.168061877862783149e-07
3.207198631116625620e-07
7.947028279886581004e-08
5.635289923588970851e-08
1.274726031397221959e-07
1.897279275908658747e-07
2.619902375045057852e-07
1.706413570445874939e-07
1.345369611271962640e-07
5.172758221760886954e-08
5.988118800814845599e-08
1.383470475957437884e-07
1.668047815428508329e-07
2.118497377523453906e-07
1.124257877904710767e-07
1.015318815689170151e-07
5.418709747573302593e-08
5.438484151909506181e-08
9.471937545413311454e-08
9.223327879226417281e-08
1.252267480822411017e-07
9.792020705390314106e-08
1.284974189275089884e-07
6.868165769446932245e-08
5.408362824255164014e-08
6.805561980627317098e-08
7.340714347492394154e-08
8.527838701866130577e-08
5.412065817722577776e-08
5.651135737139156845e-08
1.034044174730297527e-07
1.480318019275728147e-07
2.582954437002626946e-07
1.904270732211443828e-07
1.968961242937439238e-07
9.640073983518959722e-08
6.060911772465260583e-08
6.977253974582708906e-08
1.502851176837793901e-07
3.213264676560356747e-07
3.779173880502639804e-07
4.872790668741799891e-07
3.752837471893144539e-07
3.400316188617580337e-07
1.818749524318263866e-07
1.022229554337172885e-07
5.072168818287536851e-08
5.780170297953191039e-08
8.955720431913505308e-08
7.808719004742670222e-08
8.817554686402218067e-08
6.506817840090661775e-08
7.378241662081563845e-08
5.241167500003030000e-08
5.704032091102817503e-08
5.173745165620857733e-08
6.067065783099678811e-08
5.169257732973164821e-08
5.817982895450768410e-08
5.139122905006843212e-08
5.249339807278374792e-08
5.414009862647617410e-08
5.378488765472866362e-08
7.809344282350139110e-08
8.520361660657727043e-08
1.090008865389791026e-07
8.688893160524457926e-08
9.215845864218863426e-08
5.979616446438740240e-08
6.693842635741020786e-08
5.001889391564873222e-08
5.083603937805492023e-08
7.409980895545231760e-08
7.382680422551857191e-08
1.130489835077241878e-07
1.039753385612129932e-07
1.182891367079719203e-07
8.445512378330022329e-08
7.978051996815338498e-08
5.617949483394113486e-08
6.179006817319532274e-08
4.979721524023261736e-08
5.430238303461010219e-08
5.104861955373962701e-08
5.836113103896423127e-08
5.368251976278770599e-08
6.468660274094872875e-08
5.794086277433052601e-08
8.814352980834883056e-08
8.695563735727773746e-08
1.273992751293917536e-07
1.284732036310742842e-07
1.539942644512848346e-07
1.327245513493835460e-07
1.558525468681182247e-07
1.144394587981878431e-07
1.103310864891682286e-07
8.931596795491714147e-08
1.005170702228497248e-07
8.235220860797198839e-08
8.776741111660157912e-08
8.086304603693861281e-08
1.305768648762750672e-07
1.273411811553160078e-07
1.881445257367886370e-07
2.714085098887153435e-07
4.496093595207639737e-07
6.229139444258180447e-07
6.495857860500109382e-07
7.578790928164380603e-07
4.332476919444161467e-07
1.479573512597198715e-07
5.965173244248944684e-08
2.485042216449073749e-07
4.964848585586878471e-07
4.012285614862776129e-07
1.548803822970512556e-07
5.078436515759676695e-08
1.926858459455615957e-07
3.584902401598810684e-07
3.639297574409283698e-07
1.249036358785815537e-07
5.125180280174390646e-08
2.249579580393401557e-07
2.857012759704957716e-07
2.065464030920338701e-07
5.403576963658451859e-08
9.970806047476798994e-08
2.787520543279242702e-07
2.472739879522123374e-07
1.278692991490970599e-07
5.381766854384295584e-08
1.297753868811923894e-07
2.293937058084338787e-07
1.509687308498541825e-07
7.199301421678683255e-08
7.842963611892628251e-08
1.122657877772326174e-07
1.431825893405402894e-07
7.405029833762455382e-08
5.059017027519985277e-08
6.457187140540554537e-08
6.987634293409428210e-08
8.641688253874235670e-08
4.788345719930475752e-08
4.626305738497649145e-08
5.958433746400260134e-08
5.095570188018427871e-08
5.157516014264729165e-08
4.947141718503189622e-08
4.750947368847846519e-08
4.966164723896326905e-08
4.842667777893439052e-08
4.773207962216474698e-08
5.424232085715630092e-08
4.549776022599871794e-08
4.756125449034698249e-08
5.537175695735641057e-08
4.954654997391116922e-08
6.227283932958016521e-08
4.776259387995196448e-08
5.454642959534794500e-08
7.688344538792080129e-08
6.192943402538730879e-08
5.691633120363803755e-08
4.724551416757094557e-08
4.976891077035361377e-08
7.388171496813811245e-08
5.943448400103079621e-08
5.799875069101290137e-08
4.616218163278063003e-08
4.641361428525669908e-08
5.166532091038789076e-08
4.911531803486468561e-08
4.749988846697306144e-08
5.131280289560891106e-08
4.821981747227255255e-08
5.198229047209679266e-08
4.641982087605356355e-08
4.674751608035876416e-08
5.423885340860579163e-08
5.738151998002649634e-08
6.381121409049228532e-08
5.141748715686844662e-08
5.288909932232854771e-08
4.735524683496805665e-08
4.886267390702414559e-08
5.850970197229798941e-08
5.070332420586964872e-08
4.935543174156009627e-08
4.534969377800734947e-08
4.601668734949271311e-08
5.399573410613811575e-08
4.961136923498088436e-08
5.827244820011401316e-08
4.802015851623764320e-08
4.955984067578356189e-08
4.731168345983860490e-08
4.707108658408287738e-08
4.730339497882596334e-08
4.700285671788151376e-08
4.597044878096312459e-08
4.663045061192860885e-08
4.521452723338370561e-08
4.647368712085153675e-08
4.524999397403917101e-08
4.761117011753412953e-08
4.596738634177199856e-08
4.613741211301203293e-08
4.602547676313406555e-08
4.599053582410306262e-08
4.527780461671682133e-08
4.763481697978022567e-08
4.579918311264918884e-08
5.034037187101603195e-08
4.702811651213778532e-08
4.872797276789242460e-08
4.588260438254110340e-08
4.570338063558665453e-08
4.713493595431827998e-08
4.663247565872552514e-08
5.273991732224203588e-08
5.093802002420488861e-08
5.220368137770492467e-08
5.076959297412031447e-08
6.930721951903251465e-08
7.531037482522151549e-08
1.164755616400725557e-07
2.083570365130071878e-07
3.933114669507631334e-07
5.153434585736249574e-07
6.687529889859433752e-07
8.419001460424624383e-07
1.015606358123477548e-06
9.389067940901441034e-07
6.718614713463466614e-07
4.263826269834680716e-07
2.024536911449104082e-07
6.213087999640265480e-08
7.588496941934863571e-08
1.720456737075437559e-07
2.209530975960660726e-07
2.556040783474600175e-07
2.323991168395878049e-07
2.375974759161181282e-07
9.529455979873091565e-08
5.273853531662098248e-08
4.828692468095141521e-08
5.454848306385429169e-08
8.430706088802253362e-08
8.931158390623750165e-08
7.938452739608692355e-08
4.311360868314295658e-08
5.150647552909504157e-08
5.477399156461615348e-08
5.645117084895900916e-08
8.634177817157251411e-08
5.342842968047989416e-08
4.549834287104204122e-08
5.491007115665524907e-08
6.179254086191576789e-08
7.220323539058881579e-08
6.792569706703943666e-08
6.891305304179695668e-08
4.415756649223112618e-08
4.533412933938052447e-08
4.702306810600020981e-08
5.036566008698173391e-08
6.448470912800985388e-08
5.287812854248841177e-08
4.843088063921641151e-08
4.412672893749913783e-08
4.471780457038221357e-08
4.670505759918341937e-08
4.773710315930657089e-08
5.164747918229295465e-08
4.478054904666350922e-08
4.497186623098059499e-08
4.361579897249612259e-08
4.296560618399780651e-08
4.582927459750862909e-08
4.510281925718118146e-08
4.617253068772697588e-08
4.768560657453235763e-08
5.340622877270106983e-08
4.898834049527067691e-08
4.625359650844984571e-08
4.400973097062887973e-08
4.380725471264668158e-08
4.660784114207672246e-08
4.921699670035195595e-08
5.461279783958161715e-08
5.035268202391307568e-08
4.624985550094606879e-08
4.440794043603091268e-08
4.315098678375761665e-08
4.472224546248071420e-08
4.449353241398057435e-08
5.137894021345346118e-08
5.022643989605057868e-08
5.152611493031145073e-08
5.003712288953465759e-08
4.940339692893758183e-08
4.504076400735357311e-08
4.471809589290387521e-08
4.277151788301125634e-08
4.361065464308921946e-08
4.297359978977510764e-08
4.350422244669971406e-08
4.412803278341925761e-08
4.334976111408650468e-08
4.421987398472992936e-08
4.439477407913727802e-08
4.418501120539986005e-08
4.273742248983580794e-08
4.235825912246582448e-08
4.369431039208393486e-08
4.377163875801670656e-08
4.727178648522567528e-08
4.519877805364558299e-08
4.645070816877705511e-08
4.618454596538867918e-08
4.589306001889781328e-08
4.690069488333392655e-08
4.770326356151599612e-08
4.557966448714978469e-08
4.923841245840776537e-08
4.787228391478492995e-08
4.925475138861656887e-08
4.979524703685456188e-08
5.131469649199971172e-08
4.665680464199795097e-08
4.713304235792747932e-08
4.691973032322493964e-08
4.753285409719865129e-08
4.729445279849642247e-08
4.685400512016713037e-08
4.735566960789583391e-08
5.232183752923447173e-08
5.531739333264340530e-08
6.334568780630434048e-08
6.403521268794065691e-08
8.090625414070018451e-08
9.210849327700998401e-08
1.022285260887656477e-07
1.089389058961387491e-07
1.297773053465789417e-07
1.298236185220957850e-07
1.196752776877474389e-07
1.264254052557589603e-07
1.134270135594306339e-07
9.219439789376338013e-08
8.896676462200048263e-08
7.138356039604332182e-08
6.120621520722124842e-08
5.596712071564979851e-08
4.864489255851367489e-08
4.909789197427016916e-08
4.268636999427144474e-08
4.068830250503197021e-08
4.216310145466195536e-08
4.014932741824850382e-08
4.152926891265451559e-08
4.185664437272862415e-08
4.299249667383264750e-08
4.248390084171660419e-08
4.297076827697310364e-08
4.175439016762538813e-08
4.133330122613187996e-08
4.056243341210574727e-08
4.043985768475977238e-08
4.015188181938356138e-08
4.056614599790009379e-08
4.081279314505081857e-08
4.129152131326918607e-08
4.194005853719318111e-08
4.208944304195938457e-08
4.378568618790268374e-08
4.416763488279684680e-08
4.277511678196788125e-08
4.038579248799578636e-08
4.026893662967268028e-08
4.024869326713087503e-08
4.066620462594983110e-08
4.279369747450800787e-08
4.137837450457482191e-08
4.137469034048990579e-08
4.173401180196378846e-08
4.222521354790842452e-08
4.101852724147647677e-08
4.142528453598970373e-08
4.225622873832435289e-08
4.370673423181870021e-08
4.312035173370531993e-08
4.285522336999747495e-08
4.492272509537542646e-08
5.065564678830014600e-08
5.275417436223506229e-08
5.861348029156943085e-08
7.529800427619193215e-08
1.155182616230376880e-07
1.723941238651605090e-07
2.592551879843085771e-07
4.258344290519744391e-07
6.338501634672866203e-07
9.855142479864298366e-07
1.358753820568381343e-06
2.048438318524858914e-06
2.431422672088956460e-06
2.774010454231756739e-06
2.149929741790401749e-06
1.235873241967055947e-06
2.839404373844445217e-07
9.780054455177378259e-08
8.144668868226290215e-07
9.755992778082145378e-07
9.071977729036007077e-07
2.591335714896558784e-07
1.099978135243873112e-07
6.004755164212838281e-07
8.075469963841896970e-07
4.049498159020004096e-07
7.523449596646969439e-08
1.761731169835911714e-07
4.109164137844345532e-07
4.296431086459051585e-07
1.753590765929402551e-07
5.917119949572224868e-08
2.449376665936142672e-07
3.002537880547606619e-07
1.649659822078319849e-07
4.114994567316898610e-08
1.036323382663795201e-07
2.277392212590712006e-07
1.656383403769723373e-07
5.533411950864319806e-08
7.726600159685403924e-08
1.211563471770205069e-07
1.239558713450605865e-07
6.241402417117569712e-08
4.253287144706519030e-08
9.679180834609724116e-08
1.026531322168011684e-07
5.779054390586679801e-08
3.978694351758349512e-08
5.091733257245323330e-08
6.060251678263739450e-08
5.251507673165178858e-08
4.182074420100434509e-08
5.963794791341570090e-08
5.475114761566146626e-08
4.162492572845621908e-08
3.955528526944362966e-08
3.840789020159718348e-08
4.755112925636240107e-08
3.942837878412319697e-08
4.112194673666635936e-08
4.886380366997400415e-08
4.243974771611647157e-08
4.120045815625417163e-08
4.186045643450597709e-08
3.972566275933786528e-08
4.202691172849881696e-08
3.929960001869403641e-08
3.953429938974295510e-08
4.243366547029836511e-08
3.909313761596422410e-08
3.997825004375954450e-08
4.033053713214940217e-08
4.121578456306451699e-08
4.217473659196002700e-08
4.195047509369942418e-08
3.911501522679827758e-08
4.569671929743890360e-08
4.083020499479061982e-08
4.252657248571267701e-08
4.363713657085099840e-08
4.050230018037836999e-08
4.138562559319325374e-08
4.425500677029958752e-08
4.240706275027150696e-08
4.029791611515065597e-08
4.106036755047171027e-08
4.098386696682609909e-08
4.120948915442568250e-08
4.004555975711809879e-08
3.827344841056401492e-08
3.864218811600039771e-08
3.938450277019001078e-08
3.931595671247123391e-08
4.150167853822495090e-08
4.135428355311887572e-08
3.925028480011860665e-08
3.931023684344836511e-08
3.867717879302290385e-08
3.845955376391430036e-08
3.800045433877130563e-08
3.806994897104232223e-08
3.907938861402726616e-08
4.215912952076905640e-08
4.268659381523320917e-08
4.312141044238160248e-08
4.312672885475876683e-08
4.141738685348173021e-08
3.938719217444486276e-08
3.818038507574783580e-08
3.886225385940633714e-08
4.003356934845214710e-08
4.438437173348575016e-08
4.620831006718617573e-08
4.402242836931691272e-08
4.012608201264811214e-08
3.903225120893694111e-08
3.823511107725607872e-08
3.878211174423995544e-08
4.000753506261389703e-08
3.950120941453860723e-08
3.880845156345458236e-08
3.839203799316237564e-08
4.038500733827277145e-08
4.128795794144934916e-08
4.038458101263131539e-08
4.025097055659898615e-08
3.863555164684839838e-08
3.782477975278197846e-08
3.853388363950216444e-08
3.895434730338820373e-08
3.930282588271438726e-08
3.875721077406524273e-08
3.828778716297165374e-08
3.883664234649586433e-08
3.946531279552800697e-08
3.988109753549906600e-08
3.864073150339208951e-08
3.796572656256103073e-08
3.803955905823386274e-08
3.773190471179077576e-08
3.790030689287959831e-08
3.780552759735655854e-08
3.846648866101531894e-08
4.026152566893870244e-08
3.947938864712341456e-08
3.829170935887304950e-08
3.881574883735083858e-08
3.810118798242001503e-08
4.666839714673187700e-08
8.237747550765561755e-08
1.556371529431999079e-07
1.004427332418345031e-07
7.499799892229930265e-08
4.538938824794058746e-08
3.780791146823503368e-08
6.801650442866957746e-08
8.258190575816115597e-08
4.389308827512650169e-08
4.082393090243385814e-08
5.625311771950691764e-08
5.956952264796200325e-08
5.376201528406454599e-08
4.937311004482580756e-08
4.447774770710566372e-08
1.099013786642899504e-07
8.260201411758316681e-08
4.997044555921092979e-08
3.889481803298622253e-08
3.983185692391089106e-08
5.962662896763504250e-08
7.259410494953044690e-08
3.996480657519896340e-08
4.434076572579215281e-08
6.276750497136163176e-08
6.482724757006508298e-08
6.095145010931446450e-08
4.469897518788457091e-08
3.835880946212455456e-08
5.464158192580725881e-08
6.211591596638754709e-08
5.146456061311255326e-08
4.543255371913801355e-08
3.858691144387194072e-08
3.715542717941389128e-08
4.905441031155532983e-08
5.111546030889257963e-08
4.231588235370509210e-08
4.126823327510464878e-08
3.814961502257574466e-08
3.728231234845225117e-08
4.263141661908775859e-08
4.200088810080160329e-08
3.764715827969666861e-08
3.714252727604616666e-08
3.711901186420618615e-08
3.620698763029395195e-08
3.755472022248795838e-08
3.818751537210118840e-08
3.621449096158357861e-08
3.619399535637057852e-08
3.668529657829822099e-08
3.724778352420798910e-08
3.729419972842151765e-08
3.703066653315545409e-08
3.677488180642285442e-08
3.701314454929161002e-08
3.681081395257024269e-08
3.714065499593743880e-08
3.779303270334821718e-08
6.559334764233426540e-08
1.150976984831686423e-07
1.501491908584284829e-07
1.970590091104895691e-07
1.204986403990915278e-07
4.256905938859745220e-08
4.241034190499703982e-08
7.315529870766113163e-08
1.001502738517956459e-07
6.857334966525741038e-08
5.712339401497956715e-08
3.887563337912069983e-08
4.047698354270323762e-08
4.580702039902462275e-08
4.121807961610102211e-08
3.920948898894494050e-08
3.694725592140457593e-08
3.678963622633091290e-08
3.754890443019576196e-08
3.664348113829873910e-08
3.630716705060876848e-08
3.657111946608893049e-08
3.656660396700317506e-08
3.737250509061595949e-08
3.602843179351111758e-08
3.558083960797375767e-08
3.785795854582829634e-08
3.900388634292539791e-08
4.200689573963245493e-08
3.910248125293946941e-08
3.686354688170467853e-08
3.578381679858466669e-08
3.887996413709515764e-08
4.225468686058775347e-08
4.512187956606794614e-08
4.440231649027737149e-08
3.907497259092451714e-08
3.623511801720269432e-08
3.644272794645075919e-08
3.920815672131539031e-08
4.482175341991023743e-08
3.917272195508303412e-08
3.647359747560585674e-08
3.578920981794908585e-08
3.676047555245531839e-08
3.934435000019220752e-08
4.035491230069965241e-08
3.910304613441439869e-08
3.602932352464449650e-08
3.568223050365304516e-08
3.657890701447286119e-08
3.801424952598608797e-08
3.989635999346319295e-08
3.795835468167751969e-08
3.717801178027002607e-08
3.574442786202780553e-08
3.526948333387736056e-08
3.640765200429996185e-08
3.637173406900728878e-08
3.831724626479626750e-08
3.708829154902559821e-08
3.779819124360983551e-08
3.666662351520244556e-08
3.717456209528791078e-08
3.583592445011163363e-08
3.580623797461157665e-08
3.527298275685097906e-08
3.548855076473955705e-08
3.598832876150481752e-08
3.681264360011482495e-08
3.634688638953775808e-08
3.705919127128254331e-08
3.577607188276488159e-08
3.559561179145021015e-08
3.506583468038115825e-08
3.500399259337427793e-08
3.581360275006773008e-08
3.591778963141223358e-08
3.674873383374688274e-08
3.719677721392145031e-08
3.880919763332713046e-08
3.662005099158704979e-08
3.615007315715956793e-08
3.533624592932937958e-08
3.522492164620416588e-08
3.607095422353268077e-08
3.597127573584657512e-08
3.791116753859569144e-08
3.706199080966143811e-08
3.694178474233922316e-08
3.562625039421618567e-08
3.541506998772092629e-08
3.494971778650324268e-08
3.525634895140683511e-08
3.569415696347277844e-08
3.576926843606997863e-08
3.439321005771489581e-08
3.457913066995388363e-08
3.471228637863532640e-08
3.460997888282690838e-08
3.678117721506168891e-08
3.834196959928704018e-08
3.617246591147704748e-08
3.826179906241122808e-08
3.761980238436990476e-08
3.843630835831390868e-08
3.577128993015321612e-08
3.498515610544927767e-08
3.473130405495794548e-08
3.465682141268189298e-08
3.493301292678552272e-08
3.459604869249233161e-08
3.470353604484444077e-08
3.455852137790316192e-08
3.552255023464567785e-08
3.491654965159796120e-08
3.542682591728407715e-08
3.449977370451051684e-08
3.469743603545794031e-08
3.655854996509333432e-08
4.029780242831293435e-08
4.119307916994330299e-08
4.785177765143089346e-08
5.143303027921319881e-08
6.699135468579697772e-08
8.251894456634545350e-08
1.054759692920015368e-07
1.178394271050819953e-07
1.692215789717010921e-07
1.955215793714160100e-07
2.725396086589171318e-07
3.648186464033642551e-07
5.334505885912221856e-07
6.370492542373540346e-07
8.611801831648335792e-07
9.173986086352670100e-07
1.049619982040894683e-06
8.511223654750210699e-07
