1.180032640695571899e-01
1.176568269729614258e-01
1.172917187213897705e-01
1.168978586792945862e-01
1.164517551660537720e-01
1.158427968621253967e-01
1.147842481732368469e-01
1.131132915616035461e-01
1.107895895838737488e-01
1.077547892928123474e-01
1.038123816251754761e-01
9.879147261381149292e-02
9.263055026531219482e-02
8.514094352722167969e-02
7.634937018156051636e-02
6.583275645971298218e-02
5.534131824970245361e-02
4.509892314672470093e-02
3.568954020738601685e-02
2.820282056927680969e-02
2.389981038868427277e-02
2.261973917484283447e-02
2.249875105917453766e-02
2.167563512921333313e-02
1.942526549100875854e-02
1.618691906332969666e-02
1.379923056811094284e-02
1.239438168704509735e-02
1.185483019798994064e-02
1.118874829262495041e-02
9.962556883692741394e-03
8.841542527079582214e-03
8.028414100408554077e-03
7.540677674114704132e-03
7.418840192258358002e-03
7.328874431550502777e-03
6.943210028111934662e-03
6.369150709360837936e-03
5.849996581673622131e-03
5.389849655330181122e-03
4.957528319209814072e-03
4.558799322694540024e-03
4.204535856842994690e-03
3.854113863781094551e-03
3.542018122971057892e-03
3.246868029236793518e-03
3.067062469199299812e-03
2.933208364993333817e-03
2.753606531769037247e-03
2.556884894147515297e-03
2.381127094849944115e-03
2.169699873775243759e-03
2.022662200033664703e-03
1.903688185848295689e-03
1.764936838299036026e-03
1.649731188081204891e-03
1.538271550089120865e-03
1.445864792913198471e-03
1.340963644906878471e-03
1.258472679182887077e-03
1.198351383209228516e-03
1.131629338487982750e-03
1.049946178682148457e-03
1.017267699353396893e-03
1.059196540154516697e-03
1.410103868693113327e-03
8.980541606433689594e-04
8.971523493528366089e-04
1.144242705777287483e-03
7.324523176066577435e-04
1.053098938427865505e-03
8.644716581329703331e-04
8.020079694688320160e-04
8.594110840931534767e-04
6.251515587791800499e-04
7.877395255491137505e-04
5.717175081372261047e-04
7.161470130085945129e-04
5.317691247910261154e-04
6.695580668747425079e-04
4.945119726471602917e-04
5.880645476281642914e-04
4.670998896472156048e-04
5.686781951226294041e-04
4.475064051803201437e-04
5.062537384219467640e-04
4.232679202686995268e-04
4.812676052097231150e-04
4.043137014377862215e-04
4.357676079962402582e-04
3.887390193995088339e-04
4.125107661820948124e-04
3.709594311658293009e-04
3.727028961293399334e-04
3.677107451949268579e-04
3.508873342070728540e-04
3.523514606058597565e-04
3.259297518525272608e-04
3.446341142989695072e-04
3.078240260947495699e-04
3.198852937202900648e-04
3.089421661570668221e-04
3.042863099835813046e-04
2.943482249975204468e-04
2.857099461834877729e-04
2.926100569311529398e-04
2.699380856938660145e-04
2.693433780223131180e-04
2.750304120127111673e-04
2.585531619843095541e-04
2.566358016338199377e-04
2.551186480559408665e-04
2.485300938133150339e-04
2.411673776805400848e-04
2.373488532612100244e-04
2.395947813056409359e-04
2.310360287083312869e-04
2.251811965834349394e-04
2.266001829411834478e-04
2.210982493124902248e-04
2.142358280252665281e-04
2.122430159943178296e-04
2.093702642014250159e-04
2.061997365672141314e-04
2.017310762312263250e-04
1.990812452277168632e-04
1.989995653275400400e-04
1.900390634546056390e-04
1.892301806947216392e-04
1.891396386781707406e-04
1.843022182583808899e-04
1.852923305705189705e-04
1.784200576366856694e-04
1.761895982781425118e-04
1.727407070575281978e-04
1.697775296634063125e-04
1.687684416538104415e-04
1.661328278714790940e-04
1.674161176197230816e-04
1.628379104658961296e-04
1.667260657995939255e-04
1.595341891516000032e-04
1.645541778998449445e-04
1.596319489181041718e-04
1.705314498394727707e-04
1.701078726910054684e-04
2.016341750277206302e-04
2.162693708669394255e-04
2.933279320131987333e-04
2.780569484457373619e-04
2.813691389746963978e-04
1.729749637888744473e-04
1.383163762511685491e-04
1.882188080344349146e-04
2.011023752856999636e-04
1.758015569066628814e-04
1.346550270682200789e-04
1.541427045594900846e-04
1.823439088184386492e-04
1.423519715899601579e-04
1.300371513934805989e-04
1.526028645457699895e-04
1.410198019584640861e-04
1.282043667742982507e-04
1.346099743386730552e-04
1.395108847646042705e-04
1.331046660197898746e-04
1.189704198623076081e-04
1.273033849429339170e-04
1.277970441151410341e-04
1.159973398898728192e-04
1.254219532711431384e-04
1.213594223372638226e-04
1.138196021202020347e-04
1.174192439066246152e-04
1.139391679316759109e-04
1.154135970864444971e-04
1.094422768801450729e-04
1.060935028363019228e-04
1.145740679930895567e-04
1.042526928358711302e-04
1.046835750457830727e-04
1.061938601196743548e-04
1.029394989018328488e-04
1.046806937665678561e-04
9.776554361451417208e-05
1.013908768072724342e-04
1.011196436593309045e-04
1.002560456981882453e-04
9.812273492570966482e-05
9.648045670473948121e-05
9.208887786371633410e-05
9.570252586854621768e-05
9.163222421193495393e-05
9.732601756695657969e-05
9.029104694491252303e-05
9.127666271524503827e-05
8.690996764926239848e-05
8.650505333207547665e-05
8.772446744842454791e-05
8.723915379960089922e-05
9.124641655944287777e-05
9.255643090000376105e-05
9.326968574896454811e-05
1.005361045827157795e-04
1.005551821435801685e-04
1.354482519673183560e-04
1.391406112816184759e-04
2.142831217497587204e-04
1.697162224445492029e-04
1.814735296647995710e-04
1.632333151064813137e-04
1.196949451696127653e-04
8.805259858490899205e-05
1.003902652882970870e-04
1.375725551042705774e-04
1.233857183251529932e-04
8.412848546868190169e-05
8.680734754307195544e-05
1.087754644686356187e-04
9.946202771971002221e-05
8.327831892529502511e-05
9.010664507513865829e-05
7.988390279933810234e-05
8.596849511377513409e-05
9.747002332005649805e-05
7.043496589176356792e-05
7.395303691737353802e-05
9.273140312870964408e-05
7.265105523401871324e-05
7.356450078077614307e-05
8.252124825958162546e-05
7.113019091775640845e-05
7.780719897709786892e-05
8.064951543929055333e-05
6.554523133672773838e-05
6.987204687902703881e-05
8.018258813535794616e-05
7.184265268733724952e-05
6.609849515371024609e-05
7.161743997130542994e-05
6.454045796999707818e-05
6.414954987121745944e-05
7.091688166838139296e-05
6.268486322369426489e-05
6.147220847196877003e-05
6.417707481887191534e-05
6.057872451492585242e-05
6.118491728557273746e-05
6.225841934792697430e-05
6.103685882408171892e-05
6.018983913236297667e-05
5.805096952826716006e-05
5.746544775320217013e-05
5.865631464985199273e-05
5.667156801791861653e-05
5.655331551679410040e-05
6.132110138423740864e-05
6.069228402338922024e-05
6.464317266363650560e-05
6.115680298535153270e-05
6.217508780537173152e-05
6.094126365496776998e-05
6.095896605984307826e-05
5.874865746591240168e-05
6.042965105734765530e-05
5.719650289393030107e-05
5.943084033788181841e-05
5.770522693637758493e-05
6.516627036035060883e-05
7.058936898829415441e-05
8.492725464748218656e-05
9.450972720514982939e-05
1.194400902022607625e-04
1.310988009208813310e-04
1.632059866096824408e-04
1.370957324979826808e-04
1.132358665927313268e-04
6.106400542194023728e-05
4.947864363202825189e-05
7.273594383150339127e-05
8.265994983958080411e-05
7.430522236973047256e-05
4.906933827442117035e-05
5.386454722611233592e-05
7.548442226834595203e-05
6.755539652658626437e-05
5.451322431326843798e-05
4.824638017453253269e-05
5.935263470746576786e-05
6.753944762749597430e-05
5.269190660328604281e-05
4.681645077653229237e-05
5.169117866898886859e-05
5.407600474427454174e-05
5.364326352719217539e-05
4.539032306638546288e-05
4.756652197102084756e-05
5.366771438275463879e-05
5.092480932944454253e-05
4.750232255901210010e-05
4.416139927343465388e-05
4.740245640277862549e-05
4.767010977957397699e-05
4.326629277784377337e-05
4.355589044280350208e-05
4.527023338596336544e-05
4.556455678539350629e-05
4.298659041523933411e-05
4.085511682205833495e-05
4.276189793017692864e-05
4.346050263848155737e-05
4.557139982352964580e-05
4.053990414831787348e-05
4.061864456161856651e-05
4.130278830416500568e-05
4.297933628549799323e-05
4.117434218642301857e-05
3.944740092265419662e-05
3.943929186789318919e-05
4.098706631339155138e-05
4.143260957789607346e-05
3.937723886338062584e-05
3.907771315425634384e-05
3.771418414544314146e-05
3.860370634356513619e-05
3.856262628687545657e-05
4.011351848021149635e-05
3.873591776937246323e-05
4.129813532927073538e-05
3.986003866884857416e-05
4.420560799189843237e-05
4.376029755803756416e-05
5.563619197346270084e-05
5.687925659003667533e-05
8.209241786971688271e-05
7.321503653656691313e-05
8.825866098050028086e-05
5.272109410725533962e-05
3.930726961698383093e-05
4.048495975439436734e-05
4.952142990077845752e-05
5.800615690532140434e-05
3.925470809917896986e-05
3.545400977600365877e-05
4.553595499601215124e-05
4.334643745096400380e-05
3.983965871157124639e-05
3.543856291798874736e-05
3.824564191745594144e-05
4.304727190174162388e-05
3.454404577496461570e-05
3.327612284920178354e-05
3.803819345193915069e-05
3.659188951132819057e-05
3.618951450334861875e-05
3.527477383613586426e-05
3.676890264614485204e-05
3.873598689096979797e-05
3.551848203642293811e-05
3.504604683257639408e-05
3.830757486866787076e-05
3.757686135941185057e-05
4.072254159837029874e-05
4.421205449034459889e-05
5.656043140334077179e-05
7.743369496893137693e-05
1.123987094615586102e-04
1.586434955243021250e-04
2.105036401189863682e-04
1.987688738154247403e-04
1.353800325887277722e-04
4.526341217570006847e-05
4.518161222222261131e-05
1.035489476635120809e-04
9.251228766515851021e-05
4.065516259288415313e-05
4.520126458373852074e-05
7.477601320715621114e-05
5.515606244443915784e-05
3.215332617401145399e-05
5.343872180674225092e-05
5.628905637422576547e-05
3.234865653212182224e-05
4.137763971812091768e-05
5.262244303594343364e-05
3.644862590590491891e-05
3.306342841824516654e-05
4.444256046554073691e-05
3.730961907422170043e-05
3.037336136912927032e-05
3.851783185382373631e-05
3.502811887301504612e-05
2.940239755844231695e-05
3.366708187968470156e-05
3.280259988969191909e-05
2.894618592108599842e-05
3.227427805541083217e-05
3.139205364277586341e-05
2.890852738346438855e-05
3.014636968146078289e-05
3.004508835147134960e-05
2.922050589404534549e-05
2.912247146014124155e-05
2.963971382996533066e-05
2.784996286209207028e-05
2.814380422933027148e-05
2.847364521585404873e-05
2.721360033319797367e-05
2.773136293399147689e-05
2.802856033667922020e-05
2.726907041505910456e-05
2.694114482437726110e-05
2.746163590927608311e-05
2.704624785110354424e-05
2.702847086766269058e-05
2.741396565397735685e-05
2.638355363160371780e-05
2.631612187542486936e-05
2.685041181393899024e-05
2.635716373333707452e-05
2.573462188593111932e-05
2.619989209051709622e-05
2.592661985545419157e-05
2.511744605726562440e-05
2.521129317756276578e-05
2.525845229683909565e-05
2.499928268662188202e-05
2.492371459084097296e-05
2.480894727341365069e-05
2.507215685909613967e-05
2.462032534822355956e-05
2.462539305270183831e-05
2.442788354528602213e-05
2.519531881262082607e-05
2.408327782177366316e-05
2.445990139676723629e-05
2.450609281368087977e-05
2.527024662413168699e-05
2.463271084707230330e-05
2.687190863071009517e-05
2.681709338503424078e-05
3.256006311858072877e-05
3.520364407449960709e-05
5.257580050965771079e-05
6.161127384984865785e-05
1.047148180077783763e-04
9.116397268371656537e-05
9.765267896000295877e-05
3.690060839289799333e-05
2.647641485964413732e-05
5.917535600019618869e-05
4.963596438756212592e-05
2.898558159358799458e-05
2.933545147243421525e-05
4.090545917279087007e-05
3.713706246344372630e-05
2.359696918574627489e-05
3.369801197550259531e-05
3.985280272900126874e-05
2.374035102548077703e-05
2.910825605795253068e-05
3.773077696678228676e-05
2.376283373450860381e-05
2.665109059307724237e-05
3.498292790027335286e-05
2.384640538366511464e-05
2.533523911552038044e-05
3.246177220717072487e-05
2.386608139204327017e-05
2.393663817201741040e-05
2.927024797827471048e-05
2.273723112011794001e-05
2.302611574123147875e-05
2.734025838435627520e-05
2.231465259683318436e-05
2.434237103443592787e-05
2.592931377876084298e-05
2.202368341386318207e-05
2.152436718461103737e-05
2.459244387864600867e-05
2.202357973146717995e-05
2.123112972185481340e-05
2.335129829589277506e-05
2.211646278738044202e-05
2.145597682101652026e-05
2.272542224091012031e-05
2.196126661146990955e-05
2.111859066644683480e-05
2.094046612910460681e-05
2.132691042788792402e-05
2.126611980202142149e-05
2.041183506662491709e-05
2.072348252113442868e-05
2.118810334650333971e-05
1.999635423999279737e-05
2.001593020395375788e-05
2.133182533725630492e-05
2.023595516220666468e-05
1.976653038582298905e-05
2.003809640882536769e-05
1.997958315769210458e-05
1.969856020878069103e-05
1.973960206669289619e-05
1.969309596461243927e-05
1.968342439795378596e-05
1.943770621437579393e-05
1.968163815035950392e-05
2.068696085189003497e-05
2.001768916670698673e-05
1.967641401279252023e-05
1.988732219615485519e-05
1.908180456666741520e-05
1.895814966701436788e-05
1.886870268208440393e-05
1.871886524895671755e-05
1.875349516922142357e-05
1.864033583842683583e-05
1.845599035732448101e-05
1.879904812085442245e-05
1.877123759186360985e-05
1.903825250337831676e-05
1.923599302244838327e-05
1.955268635356333107e-05
1.981621790037024766e-05
2.057873825833667070e-05
2.108885200868826360e-05
2.199238770117517561e-05
2.206828685302753001e-05
2.242823393316939473e-05
2.244264032924547791e-05
2.216896064055617899e-05
2.100736128340940922e-05
2.140667857020162046e-05
2.188621147070080042e-05
2.490208862582221627e-05
3.042369462491478771e-05
4.380755854072049260e-05
6.806328019592911005e-05
1.106724594137631357e-04
1.728148054098710418e-04
2.435946516925469041e-04
2.459076058585196733e-04
1.405806688126176596e-04
2.872734330594539642e-05
5.204403714742511511e-05
1.176809528260491788e-04
7.284887396963313222e-05
2.088980363623704761e-05
6.674270844087004662e-05
7.110821752576157451e-05
2.188924554502591491e-05
4.606593574862927198e-05
6.230526923900470138e-05
2.299798507010564208e-05
3.763232962228357792e-05
5.038621020503342152e-05
2.064848013105802238e-05
3.583931174944154918e-05
3.912341344403102994e-05
1.933762359840329736e-05
3.428514173720031977e-05
2.999347270815633237e-05
1.971255733224097639e-05
3.394231316633522511e-05
2.461784606566652656e-05
2.022195803874637932e-05
2.911385126935783774e-05
2.022541775659192353e-05
2.146846782125066966e-05
2.590698932181112468e-05
1.836460432969033718e-05
2.140206379408482462e-05
2.266886986035387963e-05
1.766428431437816471e-05
2.078715624520555139e-05
2.058894824585877359e-05
1.736450030875857919e-05
1.937570777954533696e-05
1.914192398544400930e-05
1.716840233711991459e-05
1.860011798271443695e-05
1.800640529836528003e-05
1.714760037430096418e-05
1.803169288905337453e-05
1.747246824379544705e-05
1.698641608527395874e-05
1.758720827638171613e-05
1.708991112536750734e-05
1.743073698889929801e-05
1.778274054231587797e-05
1.652040373301133513e-05
1.731821066641714424e-05
1.778148907760623842e-05
1.636546221561729908e-05
1.680661443970166147e-05
1.729016366880387068e-05
1.631910163268912584e-05
1.631410123081877828e-05
1.674440864007920027e-05
1.616688496142160147e-05
1.615969631529878825e-05
1.657034044910687953e-05
1.608264028618577868e-05
1.594785135239362717e-05
1.635577973502222449e-05
1.596181209606584162e-05
1.580769639986101538e-05
1.603018245077691972e-05
1.586009420861955732e-05
1.553980837343260646e-05
1.591289947100449353e-05
1.589273597346618772e-05
1.541883466416038573e-05
1.577693001308944076e-05
1.565111779200378805e-05
1.549949956825003028e-05
1.541948222438804805e-05
1.564820013300050050e-05
1.520106252428377047e-05
1.515677377028623596e-05
1.551793866383377463e-05
1.523662740510189906e-05
1.578640694788191468e-05
1.524647359474329278e-05
1.536725721962284297e-05
1.509506819274974987e-05
1.546571184007916600e-05
1.520996738690882921e-05
1.546736893942579627e-05
1.521720878372434527e-05
1.512393737357342616e-05
1.485450320615200326e-05
1.516300744697218761e-05
1.462955151509959251e-05
1.487300414737546816e-05
1.473267275287071243e-05
1.485913617216283455e-05
1.483765663579106331e-05
1.445368798158597201e-05
1.433725265087559819e-05
1.459280520066386089e-05
1.451460684620542452e-05
1.436233742424519733e-05
1.475560929975472391e-05
1.464468641643179581e-05
1.529227301944047213e-05
1.532920032332185656e-05
1.763547697919420898e-05
1.916214569064322859e-05
2.464063436491414905e-05
2.984782440762501210e-05
4.685221574618481100e-05
5.612700260826386511e-05
9.074884292203933001e-05
7.451472629327327013e-05
6.819611735409125686e-05
2.402574682491831481e-05
1.721069202176295221e-05
4.072902447660453618e-05
3.886423291987739503e-05
2.170436528103891760e-05
1.595093999640084803e-05
2.777885856630746275e-05
3.112967169727198780e-05
1.624605647521093488e-05
1.950536898220889270e-05
2.876251710404176265e-05
1.812939262890722603e-05
1.512487415311625227e-05
2.319357918167952448e-05
1.875958696473389864e-05
1.438439994672080502e-05
1.807731496228370816e-05
1.800301652110647410e-05
1.459354643884580582e-05
1.545452323625795543e-05
1.699795211607124656e-05
1.561060889798682183e-05
1.398173299094196409e-05
1.535972842248156667e-05
1.566465834912378341e-05
1.362398870696779341e-05
1.453224558645160869e-05
1.556531606183853000e-05
1.362322836939711124e-05
1.377721309836488217e-05
1.478519061492988840e-05
1.388544296787586063e-05
1.344421070825774223e-05
1.385202995152212679e-05
1.391084151691757143e-05
1.337508911092299968e-05
1.338465153821744025e-05
1.361249087494798005e-05
1.352770050289109349e-05
1.319398961641127244e-05
1.323651031270856038e-05
1.356570010102586821e-05
1.307650927628856152e-05
1.318072554568061605e-05
1.303858698520343751e-05
1.303585668210871518e-05
1.303284261666703969e-05
1.294374487770255655e-05
1.294266712648095563e-05
1.289784813707228750e-05
1.475513363402569667e-05
1.275135036848951131e-05
1.291577609663363546e-05
1.273768702958477661e-05
1.279882781091146171e-05
1.291234457312384620e-05
1.272391727979993448e-05
1.266756862605689093e-05
1.278906074730912223e-05
1.276000875805038959e-05
1.261839588551083580e-05
1.230988800671184435e-05
1.261458419321570545e-05
1.265426362806465477e-05
1.253783102583838627e-05
1.243996848643291742e-05
1.253481968888081610e-05
1.239995071955490857e-05
1.217923909280216321e-05
1.234362662216881290e-05
1.207890272780787200e-05
1.234254250448429957e-05
1.235606669069966301e-05
1.228462133440189064e-05
1.228467863256810233e-05
1.205661737913032994e-05
1.210265509143937379e-05
1.209266974910860881e-05
1.211099970532814041e-05
1.201272516482276842e-05
1.196379253087798133e-05
1.202187013404909521e-05
1.197359961224719882e-05
1.199724829348269850e-05
1.196417542814742774e-05
1.205999160447390750e-05
1.197524943563621491e-05
1.181028801511274651e-05
1.179455830424558371e-05
1.183794665848836303e-05
1.197598339786054567e-05
1.170345603895839304e-05
1.193174466607160866e-05
1.190461443911772221e-05
1.174412318505346775e-05
1.181585139420349151e-05
1.182059804705204442e-05
1.178890033770585433e-05
1.169730057881679386e-05
1.165168214356526732e-05
1.164761670224834234e-05
1.174256703961873427e-05
1.150393018178874627e-05
1.158382929133949801e-05
1.162974422186380252e-05
1.141524171544006094e-05
1.142481505667092279e-05
1.136074024543631822e-05
1.147520470112795010e-05
1.134347894549136981e-05
1.140932272392092273e-05
1.143045028584310785e-05
1.135140155383851379e-05
1.144091402238700539e-05
1.146811791841173545e-05
1.174112730950582772e-05
1.160387091658776626e-05
1.138150309998309240e-05
1.117161809816025198e-05
1.147882630903040990e-05
1.195816457766341045e-05
1.257140047528082505e-05
1.249709839612478390e-05
1.216933560499455780e-05
1.179750870505813509e-05
1.129870361182838678e-05
1.114773203880758956e-05
1.124051868828246370e-05
1.160970259661553428e-05
1.214166240970371291e-05
1.320564751949859783e-05
1.475120734539814293e-05
1.581530523253604770e-05
1.660769703448750079e-05
1.656824861129280180e-05
1.624819378776010126e-05
1.510863057774258777e-05
1.397480536979855970e-05
1.287614668399328366e-05
1.222569426317932084e-05
1.106183208321454003e-05
1.106402669392991811e-05
1.090620025934185833e-05
1.107137177314143628e-05
1.103079557651653886e-05
1.104348666558507830e-05
1.105043065763311461e-05
1.084160339814843610e-05
1.094047729566227645e-05
1.088513090508058667e-05
1.088700810214504600e-05
1.081461414287332445e-05
1.086365682567702606e-05
1.079042431229026988e-05
1.086448719433974475e-05
1.091066860681166872e-05
1.101435827877139673e-05
1.097274707717588171e-05
1.114717724703950807e-05
1.149535910371923819e-05
1.195158529299078509e-05
1.290167620027204975e-05
1.405248895025579259e-05
1.650683225307147950e-05
1.976279781956691295e-05
2.357631819904781878e-05
2.767343357845675200e-05
3.160057895001955330e-05
3.546999869286082685e-05
3.816284879576414824e-05
3.849945642286911607e-05
3.447043854976072907e-05
2.715648042794782668e-05
1.858272116805892438e-05
1.207485092891147360e-05
1.068279925675597042e-05
1.365678872389253229e-05
1.761777457431890070e-05
2.011530523304827511e-05
1.946755401149857789e-05
1.623987191123887897e-05
1.245609473699005321e-05
1.036100275086937472e-05
1.087826876755570993e-05
1.236496791534591466e-05
1.361050544801400974e-05
1.360854639642639086e-05
1.287147460971027613e-05
1.133870318881236017e-05
1.064981370291206986e-05
1.129519296227954328e-05
1.136012451752321795e-05
1.206798424391308799e-05
1.263052763533778489e-05
1.230618272529682145e-05
1.173133296106243506e-05
1.157146562036359683e-05
1.291023909288924187e-05
1.418636566086206585e-05
1.661725582380313426e-05
1.740596599120181054e-05
1.966154195542912930e-05
2.003964618779718876e-05
2.361434781050775200e-05
2.363647399761248380e-05
2.741806019912473857e-05
2.532906364649534225e-05
2.595004298200365156e-05
2.003898225666489452e-05
1.587989936524536461e-05
1.150303432950749993e-05
9.988210877054370940e-06
1.120161232393002138e-05
1.289734063902869821e-05
1.448681541660334915e-05
1.352739764115540311e-05
1.198448080685921013e-05
1.057553072314476594e-05
1.089139095711288974e-05
1.222168975800741464e-05
1.292679007747210562e-05
1.342436371487565339e-05
1.201771374326199293e-05
1.099942801374709234e-05
1.006110323942266405e-05
9.982422852772288024e-06
1.063024865288753062e-05
1.088394583348417655e-05
1.119347689382266253e-05
1.213603354699444026e-05
1.487117970100371167e-05
1.928226811287458986e-05
2.391123416600748897e-05
2.832179052347782999e-05
3.179586565238423645e-05
3.404822564334608614e-05
3.377971370355226099e-05
2.944232073787134141e-05
2.283800677105318755e-05
1.619497743376996368e-05
1.190578859677771106e-05
1.030772091326070949e-05
1.088729914044961333e-05
1.301390875596553087e-05
1.478720605518901721e-05
1.488858470111154020e-05
1.352011531707830727e-05
1.161386808234965429e-05
1.017264366964809597e-05
9.721403330331668258e-06
9.967723599402233958e-06
1.037589572661090642e-05
1.003174020297592506e-05
9.621005119697656482e-06
9.725992640596814454e-06
1.013450219033984467e-05
1.071212227543583140e-05
1.090499881684081629e-05
1.084116593119688332e-05
1.016344049276085570e-05
9.442462214792612940e-06
9.503487490292172879e-06
1.010174855764489621e-05
1.024257016979390755e-05
9.899800716084428132e-06
9.555449651088565588e-06
9.548386515234597027e-06
9.361227057524956763e-06
9.433261766389477998e-06
9.379634320794139057e-06
9.499806765234097838e-06
9.373556167702190578e-06
9.473590580455493182e-06
9.631480679672677070e-06
9.463245987717527896e-06
9.478049832978285849e-06
9.274781405110843480e-06
9.213613338943105191e-06
9.202491128235124052e-06
9.197397048410493881e-06
9.159871297015342861e-06
9.140266229223925620e-06
9.293722541769966483e-06
9.471295925322920084e-06
9.572551789460703731e-06
9.672202395449858159e-06
9.639287782192695886e-06
9.893647074932232499e-06
9.962754120351746678e-06
9.839975973591208458e-06
9.537766345601994544e-06
9.119386959355324507e-06
9.146621778199914843e-06
9.064623554877471179e-06
9.080841664399486035e-06
9.220890206051990390e-06
9.325418432126753032e-06
9.430167665414046496e-06
9.749621312948875129e-06
1.006995262287091464e-05
1.088138469640398398e-05
1.135100774263264611e-05
1.266199978999793530e-05
1.339391292276559398e-05
1.531346970295999199e-05
1.713364508759696037e-05
2.126498839061241597e-05
2.428969310130923986e-05
3.207127156201750040e-05
3.402242873562499881e-05
4.126576823182404041e-05
3.534088318701833487e-05
3.153165744151920080e-05
1.874936970125418156e-05
1.128376243286766112e-05
1.067199355020420626e-05
1.591865475347731262e-05
2.119147939083632082e-05
1.854739821283146739e-05
1.411496396030997857e-05
1.075520685844821855e-05
1.211505150422453880e-05
1.512797280156519264e-05
1.492505089117912576e-05
1.311165578954387456e-05
1.103473186958581209e-05
1.178239926957758144e-05
1.363383671559859067e-05
1.425127175025409088e-05
1.391132536809891462e-05
1.481879189668688923e-05
1.893318949441891164e-05
2.537532236601691693e-05
3.236472548451274633e-05
4.022149369120597839e-05
4.850306868320330977e-05
5.302200224832631648e-05
5.560537101700901985e-05
4.951905793859623373e-05
3.976002699346281588e-05
2.541454523452557623e-05
1.409782817063387483e-05
9.590192348696291447e-06
1.197984693135367706e-05
1.685423922026529908e-05
1.920412250910885632e-05
1.624927062948700041e-05
1.127449195337248966e-05
9.091093488677870482e-06
1.137520757765742019e-05
1.448072453058557585e-05
1.380777484882855788e-05
1.044768396241124719e-05
8.747031642997171730e-06
1.069541940523777157e-05
1.271356813958846033e-05
1.178265029011527076e-05
9.566550033923704177e-06
8.825966688164044172e-06
1.041104042087681592e-05
1.212594361277297139e-05
1.152279401139821857e-05
9.798980499908793718e-06
8.705399523023515940e-06
9.160420631815213710e-06
1.021574735204922035e-05
9.916951057675760239e-06
9.215636964654549956e-06
8.697814337210729718e-06
8.723069186089560390e-06
9.529731869406532496e-06
9.885017789201810956e-06
9.486669114266987890e-06
8.640389751235488802e-06
8.699413228896446526e-06
8.951069503382313997e-06
9.251968549506273121e-06
8.953938049671705812e-06
9.288417459174524993e-06
9.575363037583883852e-06
8.996530596050433815e-06
8.568858902435749769e-06
8.522149073542095721e-06
8.844714102451689541e-06
9.120124559558462352e-06
8.911504664865788072e-06
8.639528459752909839e-06
8.477743904222734272e-06
8.299122782773338258e-06
8.483701094519346952e-06
8.788675586401950568e-06
8.888378943083807826e-06
8.977638572105206549e-06
8.500894182361662388e-06
8.324433110828977078e-06
8.267149496532510966e-06
8.361642358067911118e-06
8.536343557352665812e-06
8.530530976713635027e-06
8.483774763590190560e-06
8.185400474758353084e-06
8.301405614474788308e-06
8.277068445750046521e-06
8.197564056899864227e-06
8.457109288428910077e-06
8.389357390115037560e-06
8.346702998096588999e-06
8.183378668036311865e-06
8.185471415345091373e-06
8.166501174855511636e-06
8.261164111900143325e-06
8.661140782351139933e-06
9.118802154262084514e-06
9.291942660638596863e-06
9.574120667821262032e-06
9.594531547918450087e-06
9.756387044035363942e-06
1.000926113192690536e-05
1.067597077053505927e-05
1.119770786317531019e-05
1.087014425138477236e-05
9.839173799264244735e-06
8.546080607629846781e-06
8.155866453307680786e-06
8.548354344384279102e-06
9.536476682114880532e-06
9.830445378611329943e-06
1.012918164633447304e-05
9.867170774668920785e-06
9.522591426502913237e-06
9.238042366632726043e-06
9.245466571883298457e-06
9.292862159782089293e-06
9.308498192694969475e-06
9.376635716762393713e-06
9.237537597073242068e-06
9.112679435929749161e-06
8.757596333452966064e-06
8.542903742636553943e-06
8.256058208644390106e-06
8.015158527996391058e-06
8.252399311459157616e-06
8.535370398021768779e-06
8.985245585790835321e-06
9.233564924215897918e-06
9.194891390507109463e-06
9.025813596963416785e-06
8.875963430909905583e-06
8.769091436988674104e-06
8.759621778153814375e-06
8.572855222155340016e-06
8.604112736065872014e-06
8.529841579729691148e-06
8.351904398296028376e-06
8.237362635554745793e-06
8.164927749021444470e-06
8.341136890521738678e-06
8.533789696230087429e-06
8.643980436318088323e-06
9.099999260797630996e-06
9.686354133009444922e-06
1.090379464585566893e-05
1.198492827825248241e-05
1.311057530983816832e-05
1.386749954690458253e-05
1.413665268046315759e-05
1.295047786697978154e-05
1.168990911537548527e-05
9.554015377943869680e-06
8.001062269613612443e-06
7.773789548082277179e-06
8.340552994923200458e-06
9.842426152317784727e-06
1.060561316990060732e-05
1.087742020899895579e-05
1.078041350410785526e-05
1.072645318345166743e-05
1.055053598975064233e-05
1.020082163449842483e-05
9.796300219022668898e-06
9.614536793378647417e-06
9.707116078061517328e-06
9.824539120018016547e-06
9.787029739527497441e-06
1.002072804112685844e-05
1.049002730724168941e-05
1.084609630197519436e-05
1.189820886793313548e-05
1.221981437993235886e-05
1.386307212669635192e-05
1.446915757696842775e-05
1.585908466950058937e-05
1.583809535077307373e-05
1.695091850706376135e-05
1.594949389982502908e-05
1.621731098566669971e-05
1.614607754163444042e-05
1.722954038996249437e-05
1.834762042562942952e-05
2.003777444770094007e-05
2.125122591678518802e-05
2.152738670702092350e-05
2.093519833579193801e-05
1.828399581427220255e-05
1.568195330037269741e-05
1.228229757543886080e-05
1.010886899166507646e-05
9.165140909317415208e-06
1.031814372254302725e-05
1.238024105987278745e-05
1.471896030125208199e-05
1.696742401691153646e-05
1.728656206978484988e-05
1.564421654620673507e-05
1.226679978572065011e-05
9.824619155551772565e-06
8.875078492565080523e-06
9.543722626403905451e-06
1.031201009027427062e-05
1.059527403413085267e-05
1.017037629935657606e-05
9.565669643052387983e-06
8.685505235916934907e-06
8.260802133008837700e-06
8.327346222358755767e-06
8.526572855771519244e-06
8.917248123907484114e-06
9.129392310569528490e-06
9.338195923191960901e-06
9.216202670359052718e-06
8.861701644491404295e-06
8.390826224058400840e-06
7.966047633090056479e-06
7.689067388128023595e-06
7.749845281068701297e-06
8.155161594913806766e-06
8.119668564177118242e-06
8.244008313340600580e-06
8.164495739038102329e-06
8.050186806940473616e-06
7.790770723659079522e-06
7.515821835113456473e-06
7.440533863700693473e-06
7.591311714350013062e-06
7.523541626142105088e-06
7.238497346406802535e-06
7.304839527932927012e-06
7.331110737140988931e-06
7.324968009925214574e-06
7.278094017237890512e-06
7.527959951403317973e-06
7.486663889721967280e-06
7.632694178028032184e-06
7.515312063333112746e-06
7.657855348952580243e-06
7.744830327283125371e-06
7.783284672768786550e-06
7.748104508209507912e-06
7.857963282731361687e-06
7.480663498427020386e-06
7.569875378976576030e-06
7.543108040408696979e-06
7.588092557853087783e-06
7.341463515331270173e-06
7.396886758215259761e-06
7.406197255477309227e-06
7.207811449916334823e-06
7.345732228714041412e-06
7.269533853104803711e-06
7.206700502138119191e-06
7.252927389345131814e-06
7.179847216320922598e-06
7.442461992468452081e-06
7.666310921194963157e-06
7.867219210311304778e-06
8.063480890996288508e-06
8.372311640414409339e-06
8.735902156331576407e-06
9.092836080526467413e-06
9.471154953644145280e-06
1.021001480694394559e-05
1.116823386837495491e-05
1.284468089579604566e-05
1.461411920899990946e-05
1.771411916706711054e-05
2.135175600415095687e-05
2.725945887505076826e-05
3.332388223498128355e-05
4.007784446002915502e-05
4.439436816028319299e-05
4.766997881233692169e-05
4.393152630655094981e-05
3.569023829186335206e-05
2.316525569767691195e-05
1.251784669875632972e-05
7.472632660210365430e-06
9.425247299077454954e-06
1.480045921198325232e-05
1.837224954215344042e-05
1.794732634152751416e-05
1.316038105869665742e-05
9.025265171658247709e-06
7.269044544955249876e-06
8.103211257548537105e-06
9.961205250874627382e-06
1.059707210515625775e-05
1.042485928337555379e-05
8.674574928591027856e-06
7.250294402183499187e-06
7.360155905189458281e-06
8.473371963191311806e-06
9.751750440045725554e-06
9.711911843623965979e-06
8.956345482147298753e-06
7.628676485182950273e-06
7.111188551789382473e-06
7.034463124000467360e-06
7.422300768666900694e-06
7.711234502494335175e-06
7.814978744136169553e-06
7.881999408709816635e-06
7.520310191466705874e-06
7.696503416809719056e-06
1.145242822531145066e-05
1.319750299444422126e-05
1.664144838287029415e-05
1.666170464886818081e-05
1.363435239909449592e-05
9.865017091215122491e-06
7.948718121042475104e-06
8.792928383627440780e-06
1.087108830688521266e-05
1.295219408348202705e-05
1.284045538341160864e-05
1.131972476287046447e-05
9.237115591531619430e-06
7.922546501504257321e-06
8.440042620350141078e-06
1.024744869937421754e-05
1.241142126673366874e-05
1.237441301782382652e-05
1.207828154292656109e-05
1.045625594997545704e-05
9.250362381862942129e-06
8.286568117910064757e-06
8.038150554057210684e-06
7.587706932099536061e-06
7.214483048301190138e-06
7.593893315060995519e-06
8.352859367732889950e-06
9.009107088786549866e-06
9.150744517683051527e-06
8.926603186409920454e-06
8.238918780989479274e-06
7.612740319018485025e-06
7.071972959238337353e-06
6.867740466987015679e-06
7.166970135585870594e-06
7.739057764410972595e-06
8.011486897885333747e-06
7.962368727021384984e-06
7.852461749280337244e-06
8.257265108113642782e-06
8.190121661755256355e-06
8.313145372085273266e-06
7.796194950060453266e-06
7.478499810531502590e-06
6.992340786382555962e-06
6.899600521137472242e-06
7.116582310118246824e-06
7.074721452227095142e-06
7.361833922914229333e-06
7.456909315806115046e-06
7.758499123156070709e-06
7.812805051798932254e-06
7.642994205525610596e-06
7.517249741795239970e-06
7.306047336896881461e-06
7.107671990524977446e-06
7.135031410143710673e-06
7.032746452750870958e-06
6.982655122556025162e-06
6.938378646736964583e-06
6.778804163332097232e-06
6.934513749001780525e-06
6.856445907033048570e-06
7.007233307376736775e-06
7.098850801412481815e-06
7.307434316317085177e-06
7.385101525869686157e-06
7.938950147945433855e-06
7.947075573611073196e-06
8.058372259256429970e-06
7.849493158573750407e-06
7.788045877532567829e-06
7.679462214582599699e-06
7.550770988018484786e-06
7.292599093489116058e-06
7.635199835931416601e-06
8.273899766209069639e-06
1.005927697406150401e-05
1.351042374153621495e-05
1.876238457043655217e-05
2.607899295981042087e-05
3.719320011441595852e-05
4.845552757615223527e-05
6.421379657695069909e-05
6.830710481153801084e-05
7.012823334662243724e-05
4.952140807290561497e-05
2.555252649472095072e-05
8.805205652606673539e-06
1.190149396279593930e-05
2.617263089632615447e-05
2.997893534484319389e-05
2.186885649280156940e-05
9.826643690757919103e-06
8.743872058403212577e-06
1.596277797943912446e-05
1.762447755027096719e-05
1.237946707988157868e-05
7.244759217428509146e-06
9.414641681360080838e-06
1.408464413543697447e-05
1.232907652592984959e-05
7.973775609571021050e-06
7.548889698227867484e-06
1.070179041562369093e-05
1.137988692789804190e-05
8.142794285959098488e-06
6.815130291215609759e-06
8.608740245108492672e-06
9.925441190716810524e-06
8.689900823810603470e-06
6.834551641077268869e-06
7.114438176358817145e-06
8.465153769066091627e-06
8.161425284924916923e-06
7.137100510590244085e-06
6.817593202868010849e-06
7.350421128649031743e-06
7.668579200981184840e-06
7.001807261985959485e-06
6.728689186275005341e-06
6.922278316778829321e-06
7.436623945977771655e-06
7.111385002644965425e-06
6.585694336536107585e-06
6.742594905517762527e-06
7.212225682451389730e-06
7.244948847073828802e-06
6.581030902452766895e-06
6.576549367309780791e-06
7.070198535075178370e-06
7.249697773659136146e-06
7.156226729421177879e-06
6.544571533595444635e-06
6.665840828645741567e-06
7.063256362016545609e-06
6.881697117933072150e-06
6.707363809255184606e-06
6.735932402079924941e-06
6.831534847151488066e-06
6.639550065301591530e-06
6.487562131951563060e-06
6.454322374338516966e-06
6.619065516133559868e-06
6.678236331936204806e-06
6.468706033047055826e-06
6.490692612715065479e-06
6.583542926819063723e-06
6.751562978024594486e-06
6.615518941543996334e-06
6.471077085734577850e-06
6.463597401307197288e-06
6.394339379767188802e-06
6.470344487752299756e-06
6.499790742964250967e-06
6.712994490953860804e-06
6.799641141697065905e-06
6.772792403353378177e-06
6.588157702935859561e-06
6.432191639760276303e-06
6.190672593220369890e-06
6.170318556542042643e-06
6.518477221106877550e-06
6.294935701589565724e-06
6.378996204148279503e-06
6.350229341478552669e-06
6.176082479214528576e-06
6.294947070273337886e-06
6.287103133217897266e-06
6.393310741259483621e-06
6.140900950413197279e-06
6.315811333479359746e-06
6.234924512682482600e-06
6.337211743812076747e-06
6.213743290572892874e-06
6.391254828486125916e-06
6.252084403968183324e-06
6.225379820534726605e-06
6.146849955257494003e-06
6.228367965377401561e-06
6.303676400420954451e-06
6.282987669692374766e-06
6.214839231688529253e-06
6.254972959141014144e-06
6.173070687509607524e-06
6.219913757377071306e-06
6.173495421535335481e-06
6.219851911737350747e-06
6.074636985431425273e-06
6.183069672260899097e-06
6.196436061145504937e-06
6.176025181048316881e-06
6.120499620010377839e-06
6.111020866228500381e-06
6.153012236609356478e-06
6.115103133197408170e-06
6.311573088169097900e-06
6.154165021143853664e-06
6.397041943273507059e-06
6.477744136645924300e-06
6.966885393921984360e-06
7.605410246469546109e-06
8.701041224412620068e-06
1.065130800270708278e-05
1.358872395940124989e-05
1.678678927419241518e-05
2.144454811059404165e-05
2.640234015416353941e-05
3.188920163665898144e-05
3.385848322068341076e-05
3.344973447383381426e-05
2.760852476058062166e-05
1.973698272195179015e-05
1.175658962893066928e-05
7.077403097355272621e-06
6.455311904574045911e-06
8.763813639234285802e-06
1.255538518307730556e-05
1.580707794346380979e-05
1.706658076727762818e-05
1.541735582577530295e-05
1.148675437434576452e-05
7.397852641588542610e-06
7.224356522783637047e-06
8.050468750298023224e-06
9.946475984179414809e-06
9.060458978638052940e-06
6.934527391422307119e-06
6.218829184945207089e-06
7.108784757292596623e-06
8.024081580515485257e-06
7.525307410105597228e-06
6.638478225795552135e-06
6.104053682065568864e-06
6.620683961955364794e-06
7.353204182436456904e-06
7.951311999931931496e-06
7.691778591834008694e-06
7.098420610418543220e-06
6.415804364223731682e-06
6.107709850766696036e-06
6.184536232467507944e-06
6.344921985146356747e-06
6.639865205215755850e-06
6.413577466446440667e-06
6.252106686588376760e-06
6.262463557504815981e-06
5.920377589063718915e-06
6.083144398871809244e-06
6.114713414717698470e-06
6.161436886031879112e-06
6.020197815814753994e-06
6.026302344253053889e-06
6.016137376718688756e-06
5.922026502958033234e-06
6.005822342558531091e-06
5.912682354392018169e-06
6.126276730356039479e-06
6.200582902238238603e-06
6.195853984536370263e-06
6.139471679489361122e-06
6.076536010368727148e-06
5.867921572644263506e-06
5.867770141776418313e-06
5.900072210351936519e-06
6.110454251029295847e-06
6.563672286574728787e-06
6.533652594953309745e-06
6.596396360691869631e-06
6.569777269760379568e-06
6.347032922349171713e-06
5.911677362746559083e-06
5.916237114433897659e-06
6.029281848896062002e-06
6.409769866877468303e-06
6.495312391052721068e-06
6.660950020886957645e-06
6.441471214202465490e-06
6.497092272184090689e-06
6.011674486217088997e-06
5.957693247182760388e-06
5.974938176223076880e-06
5.852269168826751411e-06
5.943591986579122022e-06
5.806925400975160301e-06
5.933095962973311543e-06
5.831815997225930914e-06
5.865978437213925645e-06
5.993442300677997991e-06
5.853287348145386204e-06
5.999519089527893811e-06
6.040233984094811603e-06
5.964857791695976630e-06
5.784962922916747630e-06
5.765994046669220552e-06
5.825560492667136714e-06
5.807868092233547941e-06
6.064316494303056970e-06
6.068306902307085693e-06
6.131629106675973162e-06
6.214287623151903972e-06
6.138060143712209538e-06
6.177523573569487780e-06
6.171920631459215656e-06
5.797915946459397674e-06
5.898078143218299374e-06
5.895386948395753279e-06
5.951469120191177353e-06
5.990025329083437100e-06
5.998495907988399267e-06
6.088459940656321123e-06
6.258901521505322307e-06
6.207703791005769745e-06
6.328999461402418092e-06
6.564711384271504357e-06
6.723140359099488705e-06
6.961571216379525140e-06
7.054531124595087022e-06
7.073021151882130653e-06
7.110813385224901140e-06
7.299227036128286272e-06
7.794000339345075190e-06
8.195941518351901323e-06
8.727973181521520019e-06
9.201224202115554363e-06
1.030187286232830957e-05
1.162216994998743758e-05
1.280045671592233703e-05
1.340380003966856748e-05
1.307950697082560509e-05
1.208531102747656405e-05
1.074117153621045873e-05
9.484891961619723588e-06
7.997800821613054723e-06
6.617972303502028808e-06
5.608029368886491284e-06
5.916612280998378992e-06
6.673761163256131113e-06
7.225489753182046115e-06
7.732915946689900011e-06
7.778722647344693542e-06
7.763144822092726827e-06
7.529619324486702681e-06
7.317507424886571243e-06
6.759757980034919456e-06
6.084225788072217256e-06
5.793558102595852688e-06
5.744863756262930110e-06
5.912094366067321971e-06
6.282088634179672226e-06
6.399607627827208489e-06
6.409962225006893277e-06
6.040592325007310137e-06
5.681062248186208308e-06
5.667297045874875039e-06
5.667722234647953883e-06
5.615472218778450042e-06
5.709499419026542455e-06
5.812576546304626390e-06
5.885523478355025873e-06
6.115227279224200174e-06
6.082826985220890492e-06
5.945808425167342648e-06
5.893142315471777692e-06
5.789973329228814691e-06
5.686888471245765686e-06
5.674209660355700180e-06
5.680456979462178424e-06
5.487698217621073127e-06
5.657011115545174107e-06
5.631073690892662853e-06
5.702054295397829264e-06
5.756045993621228263e-06
5.715686256735352799e-06
5.883985977561678737e-06
6.190832664287881926e-06
6.519839644170133397e-06
7.546680080849910155e-06
9.253837561118416488e-06
1.214213807543274015e-05
1.595253161212895066e-05
2.358781057409942150e-05
3.263392864027991891e-05
4.788008300238288939e-05
5.843198960064910352e-05
6.983537605265155435e-05
6.306744035100564361e-05
4.843742863158695400e-05
2.715947448450606316e-05
1.574663292558398098e-05
1.796770629880484194e-05
2.123349986504763365e-05
1.901643372548278421e-05
1.053157211572397500e-05
9.226837391906883568e-06
1.556178540340624750e-05
1.678921216807793826e-05
1.219462319568265229e-05
6.467024377343477681e-06
8.215252819354645908e-06
1.292718934564618394e-05
1.176660498458659276e-05
7.438869943143799901e-06
6.006407602399121970e-06
8.805205652606673539e-06
1.052604511642130092e-05
8.204876394302118570e-06
6.179172032716451213e-06
7.107941655704053119e-06
8.226436875702347606e-06
7.413004823320079595e-06
5.990424597257515416e-06
6.399495759978890419e-06
7.378054760920349509e-06
7.241241746669402346e-06
6.123331331764347851e-06
5.660747319780057296e-06
6.548387773364083841e-06
6.801278686907608062e-06
6.425672836485318840e-06
6.173404017317807302e-06
6.389005193341290578e-06
6.380108061421196908e-06
6.000983830745099112e-06
5.532609065994620323e-06
5.736641014664201066e-06
6.256284450500970706e-06
6.386521818058099598e-06
6.123757430032128468e-06
5.883616267965408042e-06
5.700439487554831430e-06
5.726915333070792258e-06
6.165810646052705124e-06
6.362018666550284252e-06
6.231922725419281051e-06
5.793824584543472156e-06
5.751982826041057706e-06
5.645880264637526125e-06
5.622498974844347686e-06
5.743869223806541413e-06
5.865375442226650193e-06
6.161526926007354632e-06
5.955694632575614378e-06
5.785430857940809801e-06
5.616053385892882943e-06
5.586970928561640903e-06
5.484456323756603524e-06
5.522105311683844775e-06
5.734646492783213034e-06
5.927366146352142096e-06
6.057513019186444581e-06
6.185198344610398635e-06
6.251796094147721305e-06
5.950591457803966478e-06
5.624509867629967630e-06
5.606865215668221936e-06
5.483118457050295547e-06
5.568795586441410705e-06
5.674505246133776382e-06
5.734866135753691196e-06
5.759515715908491984e-06
5.535513992072083056e-06
5.440484073915285990e-06
5.501954547071363777e-06
5.548151875700568780e-06
5.541906375583494082e-06
5.686054464604239911e-06
5.788661837868858129e-06
5.532810973818413913e-06
5.532575414690654725e-06
5.426206371339503676e-06
5.567478183365892619e-06
5.656411303789354861e-06
5.511921244760742411e-06
5.686288659489946440e-06
5.830355348734883592e-06
5.900469659536611289e-06
5.715966381103498861e-06
5.769779818365350366e-06
5.384822998166782781e-06
5.446129307529190555e-06
5.553862592933000997e-06
5.616306225419975817e-06
5.905341367906657979e-06
6.052728167560417205e-06
5.931311534368433058e-06
5.917631824559066445e-06
5.845327905262820423e-06
5.526063887373311445e-06
5.548427452595205978e-06
5.270101155474549159e-06
5.407340722740627825e-06
5.393230367189971730e-06
5.284429335006279871e-06
5.437926574813900515e-06
5.403099294198909774e-06
5.710635832656407729e-06
5.708759545086650178e-06
5.608716492133680731e-06
5.381487426348030567e-06
5.409560799307655543e-06
5.218274054641369730e-06
5.301277269609272480e-06
5.299533313518622890e-06
5.374752618081402034e-06
5.405765023169806227e-06
5.414678525994531810e-06
5.322934157447889447e-06
5.439243068394716829e-06
5.302162662701448426e-06
5.318485364114167169e-06
5.433156275103101507e-06
5.450498974823858589e-06
5.894174591958289966e-06
6.277035026869270951e-06
7.190487849584314972e-06
8.526752026227768511e-06
1.098606753657804802e-05
1.532734859210904688e-05
2.174665496568195522e-05
3.414044113014824688e-05
5.131448051542975008e-05
6.849344208603724837e-05
6.851476064184680581e-05
5.631140084005892277e-05
3.103364724665880203e-05
1.016735859593609348e-05
6.896022568980697542e-06
1.825395156629383564e-05
2.681396472326014191e-05
2.110159039148129523e-05
1.017009617498842999e-05
5.672908173437463120e-06
1.017246813717065379e-05
1.538574178994167596e-05
1.340457583864917979e-05
7.688268851779866964e-06
6.112371465860633180e-06
8.990995411295443773e-06
1.119082844525109977e-05
9.362506716570351273e-06
6.289747489063302055e-06
5.968357527308398858e-06
8.106394489004742354e-06
8.716635420569218695e-06
7.279222245415439829e-06
5.866746960236923769e-06
6.203034445206867531e-06
6.679824309685500339e-06
6.313806352409301326e-06
5.781662366644013673e-06
5.473782493936596438e-06
6.132790531410137191e-06
6.619945452257525176e-06
6.356125140882795677e-06
5.638261882268125191e-06
5.389449597714701667e-06
5.630491614283528179e-06
5.851685727975564077e-06
5.647901161864865571e-06
5.392623279476538301e-06
5.358251655707135797e-06
5.588940439338330179e-06
5.794051048724213615e-06
5.690333182428730652e-06
5.584754489973420277e-06
5.252275059319799766e-06
5.302826593833742663e-06
5.208722541283350438e-06
5.260291800368577242e-06
5.303549642121652141e-06
5.225111635809298605e-06
5.276371211948571727e-06
5.141654128237860277e-06
5.363073341868584976e-06
5.323950063029769808e-06
5.209468781686155125e-06
5.230772330833133310e-06
5.318673174770083278e-06
5.234076979832025245e-06
5.313758720149053261e-06
6.217032478161854669e-06
8.685238753969315439e-06
1.229595545737538487e-05
1.496351433161180466e-05
1.286585938942153007e-05
7.690947313676588237e-06
5.443306235974887386e-06
7.860677214921452105e-06
1.047551995725370944e-05
9.797919119591824710e-06
6.824672709626611322e-06
5.406276159192202613e-06
6.387223038473166525e-06
7.991850907274056226e-06
7.996501153684221208e-06
6.181369371915934607e-06
5.124588824401143938e-06
5.833595878357300535e-06
6.500701601908076555e-06
6.515063432743772864e-06
5.769586095993872732e-06
5.213613803789485246e-06
5.177844286663457751e-06
5.372802661440800875e-06
5.562728347285883501e-06
5.290664830681635067e-06
5.242326096777105704e-06
5.197727659833617508e-06
5.315133876138133928e-06
5.656846042256802320e-06
5.718276497646002099e-06
5.762406544818077236e-06
5.706206593458773568e-06
5.489128398039611056e-06
5.311142558639403433e-06
5.277434866002295166e-06
5.405673618952278048e-06
5.248353318165754899e-06
5.127658823766978458e-06
5.206962214288068935e-06
5.163187324797036126e-06
5.214895281824283302e-06
5.253955805528676137e-06
5.175374553800793365e-06
5.054982466390356421e-06
5.175547812541481107e-06
5.192460321268299595e-06
5.118486569699598476e-06
5.144026999914785847e-06
5.023960966354934499e-06
5.111918653710745275e-06
4.984478891856269911e-06
5.051885636930819601e-06
5.206537935009691864e-06
5.179902473173569888e-06
5.145736849954118952e-06
5.139665063325082883e-06
5.139720997249241918e-06
5.082553343527251855e-06
5.143138878338504583e-06
5.160652563063194975e-06
5.042151315137743950e-06
5.065874120191438124e-06
5.067295660410309210e-06
5.158128260518424213e-06
5.138828328199451789e-06
4.990945399185875431e-06
5.119734396430430934e-06
5.025477094022789970e-06
5.087790214020060375e-06
5.068886821391060948e-06
5.052364031143952161e-06
4.987987267668358982e-06
5.083018550067208707e-06
5.110897291160654277e-06
5.223606876825215295e-06
5.109698577143717557e-06
5.021783636038890108e-06
4.972998794983141124e-06
5.184963356441585347e-06
5.194301593292038888e-06
5.271723694022512063e-06
5.212134965404402465e-06
5.076974048279225826e-06
4.981849087926093489e-06
4.907458333036629483e-06
5.030497050029225647e-06
5.121235062688356265e-06
5.202082775213057175e-06
5.076033176010241732e-06
5.116695774631807581e-06
4.969992005499079823e-06
5.010155746276723221e-06
4.962342245562467724e-06
5.024236088502220809e-06
5.033282832300756127e-06
4.881221229879884049e-06
4.972823262505698949e-06
4.925474968331400305e-06
4.992230515199480578e-06
5.051885182183468714e-06
5.061995125288376585e-06
5.019068339606747031e-06
4.965590505889849737e-06
4.999857537768548355e-06
4.987724423699546605e-06
4.980188805348007008e-06
4.978847300662891939e-06
4.923505912302061915e-06
5.029084604757372290e-06
4.999840257369214669e-06
4.993615675630280748e-06
5.042530574428383261e-06
5.177428647584747523e-06
5.111997325002448633e-06
5.215502824285067618e-06
5.220168986852513626e-06
5.297341431287350133e-06
5.276442152535310015e-06
5.193488959776004776e-06
5.154538939677877352e-06
5.128038992552319542e-06
5.117260116094257683e-06
5.302518729877192527e-06
5.365390734368702397e-06
5.304841124598169699e-06
5.673159648722503334e-06
6.014693099132273346e-06
6.262340775720076635e-06
6.703136932628694922e-06
7.312818070204230025e-06
8.304551556648220867e-06
9.542013685859274119e-06
1.189230442832922563e-05
1.352504386886721477e-05
1.671563404670450836e-05
1.755139783199410886e-05
1.951809281308669597e-05
1.761746716510970145e-05
