1.180032640695571899e-01
1.176581159234046936e-01
1.172970682382583618e-01
1.169104427099227905e-01
1.164752691984176636e-01
1.158815696835517883e-01
1.148435696959495544e-01
1.132021248340606689e-01
1.109259948134422302e-01
1.079617515206336975e-01
1.041050851345062256e-01
9.917601943016052246e-02
9.309244900941848755e-02
8.562953770160675049e-02
7.681708782911300659e-02
6.610568612813949585e-02
5.557020753622055054e-02
4.528784751892089844e-02
3.582738712430000305e-02
2.829044871032238007e-02
2.396155893802642822e-02
2.267207764089107513e-02
2.255035005509853363e-02
2.175917848944664001e-02
1.960939541459083557e-02
1.655373908579349518e-02
1.443091314285993576e-02
1.320116128772497177e-02
1.268650591373443604e-02
1.199064403772354126e-02
1.068196259438991547e-02
9.426960721611976624e-03
8.441315963864326477e-03
7.788922172039747238e-03
7.553013972938060760e-03
7.408750709146261215e-03
7.008288521319627762e-03
6.443300750106573105e-03
5.953150801360607147e-03
5.533961579203605652e-03
5.141936242580413818e-03
4.770505707710981369e-03
4.424824379384517670e-03
4.056788049638271332e-03
3.700575558468699455e-03
3.348716534674167633e-03
3.122800029814243317e-03
2.966972533613443375e-03
2.781806746497750282e-03
2.585459733381867409e-03
2.420324832201004028e-03
2.208025427535176277e-03
2.059414749965071678e-03
1.951523008756339550e-03
1.832196256145834923e-03
1.720958389341831207e-03
1.596270594745874405e-03
1.490143127739429474e-03
1.381713664159178734e-03
1.306126243434846401e-03
1.227191067300736904e-03
1.156198559328913689e-03
1.087258104234933853e-03
1.043071737512946129e-03
1.104720635339617729e-03
1.424602814950048923e-03
9.412387735210359097e-04
9.632089640945196152e-04
1.169234514236450195e-03
7.580193923786282539e-04
1.098038977943360806e-03
8.876364445313811302e-04
8.263325435109436512e-04
8.993855444714426994e-04
6.456997361965477467e-04
8.025675197131931782e-04
6.004220340400934219e-04
7.615502690896391869e-04
5.522069986909627914e-04
6.826466997154057026e-04
5.186666385270655155e-04
6.307301227934658527e-04
4.891633288934826851e-04
5.794864264316856861e-04
4.645471344701945782e-04
5.392419407144188881e-04
4.447351384442299604e-04
4.941685474477708340e-04
4.228579346090555191e-04
4.645919543690979481e-04
4.098564677406102419e-04
4.293767269700765610e-04
3.943695628549903631e-04
3.980289038736373186e-04
3.852316876873373985e-04
3.688169235829263926e-04
3.757321974262595177e-04
3.434572718106210232e-04
3.590971173252910376e-04
3.292514011263847351e-04
3.411994839552789927e-04
3.224829852115362883e-04
3.204612585250288248e-04
3.181533538736402988e-04
3.007844788953661919e-04
3.049139049835503101e-04
2.911393821705132723e-04
2.898768289014697075e-04
2.869025047402828932e-04
2.744374214671552181e-04
2.796937478706240654e-04
2.682118501979857683e-04
2.618002763483673334e-04
2.623969048727303743e-04
2.527344040572643280e-04
2.514504012651741505e-04
2.486225857865065336e-04
2.401934179943054914e-04
2.387992281001061201e-04
2.370983420405536890e-04
2.290863922098651528e-04
2.259017055621370673e-04
2.248229138785973191e-04
2.193680265918374062e-04
2.159968717023730278e-04
2.135665417881682515e-04
2.111484209308400750e-04
2.056421217275783420e-04
2.022847038460895419e-04
2.011445612879469991e-04
1.999295200221240520e-04
1.963956892723217607e-04
1.922576775541529059e-04
1.889465202111750841e-04
1.851259294198825955e-04
1.829388202168047428e-04
1.808083761716261506e-04
1.793383125914260745e-04
1.781552273314446211e-04
1.769778609741479158e-04
1.763018372002989054e-04
1.743042666930705309e-04
1.736747217364609241e-04
1.743848406476899981e-04
1.786978391464799643e-04
1.865510421339422464e-04
2.081436396110802889e-04
2.365772379562258720e-04
2.977619005832821131e-04
3.017202252522110939e-04
2.862910623662173748e-04
1.886062818812206388e-04
1.512754242867231369e-04
1.942458038683980703e-04
2.171074447687715292e-04
1.826522639021277428e-04
1.445365342078730464e-04
1.674299128353595734e-04
1.882519281934946775e-04
1.548265718156471848e-04
1.399759785272181034e-04
1.600355462869629264e-04
1.544883125461637974e-04
1.353978877887129784e-04
1.430696429451927543e-04
1.510805595899000764e-04
1.391912956023588777e-04
1.311361120315268636e-04
1.362285838695243001e-04
1.347678189631551504e-04
1.282164739677682519e-04
1.314167166128754616e-04
1.304684992646798491e-04
1.242985308635979891e-04
1.230822235811501741e-04
1.254749222425743937e-04
1.220750855281949043e-04
1.166467773145996034e-04
1.177997401100583375e-04
1.197644742205739021e-04
1.148210576502606273e-04
1.113401012844406068e-04
1.129229640355333686e-04
1.131775643443688750e-04
1.104039110941812396e-04
1.074588362826034427e-04
1.077582492143847048e-04
1.085431067622266710e-04
1.075761829270049930e-04
1.052016523317433894e-04
1.029394625220447779e-04
1.007511673378758132e-04
1.008881954476237297e-04
1.016898240777663887e-04
1.019253686536103487e-04
9.961455361917614937e-05
9.669674909673631191e-05
9.405869786860421300e-05
9.296604548580944538e-05
9.328911983175203204e-05
9.493760444456711411e-05
9.736506763147190213e-05
9.933317051036283374e-05
1.005692829494364560e-04
1.043876181938685477e-04
1.126551069319248199e-04
1.376911386614665389e-04
1.607393060112372041e-04
2.179385483032092452e-04
1.897379115689545870e-04
1.849304244387894869e-04
1.685043534962460399e-04
1.316505367867648602e-04
9.111045073950663209e-05
1.047824698616750538e-04
1.451661519240587950e-04
1.272607478313148022e-04
8.853221515892073512e-05
9.671130101196467876e-05
1.120947272283956409e-04
1.033915104926563799e-04
9.505578782409429550e-05
9.273363684769719839e-05
8.520088886143639684e-05
9.622306242818012834e-05
9.941039024852216244e-05
7.689952326472848654e-05
8.367961709154769778e-05
9.487933857599273324e-05
7.960314542287960649e-05
8.064508438110351562e-05
8.456551586277782917e-05
7.746371557004749775e-05
8.427793363807722926e-05
8.368124690605327487e-05
7.099608774296939373e-05
7.579771772725507617e-05
8.304260700242593884e-05
7.635533984284847975e-05
7.325012120418250561e-05
7.408424426103010774e-05
6.964014028199017048e-05
6.979062891332432628e-05
7.322215242311358452e-05
6.941895844647660851e-05
6.623738590860739350e-05
6.739667878719046712e-05
6.626758840866386890e-05
6.449232751037925482e-05
6.568805110873654485e-05
6.587927782675251365e-05
6.369774928316473961e-05
6.172460416564717889e-05
6.210895662661641836e-05
6.185713573358952999e-05
6.091288742027245462e-05
6.109828245826065540e-05
6.403154111467301846e-05
6.638270861003547907e-05
6.715721247019246221e-05
6.589492841158062220e-05
6.532220868393778801e-05
6.483714241767302155e-05
6.411318463506177068e-05
6.323554407572373748e-05
6.278212094912305474e-05
6.208556442288681865e-05
6.170057167764753103e-05
6.265714910114184022e-05
6.793387728976085782e-05
7.535610347986221313e-05
8.726261876290664077e-05
9.935923299053683877e-05
1.208872927236370742e-04
1.392366248182952404e-04
1.645560405449941754e-04
1.475213939556851983e-04
1.145296264439821243e-04
6.670835136901587248e-05
5.320725176716223359e-05
7.424141222145408392e-05
8.903299021767452359e-05
7.563998951809480786e-05
5.270437395665794611e-05
5.852927642990835011e-05
7.695789827266708016e-05
7.311956142075359821e-05
5.632526153931394219e-05
5.063395656179636717e-05
6.402438157238066196e-05
6.891074735904112458e-05
5.742064604419283569e-05
4.916485340800136328e-05
5.398147914092987776e-05
5.832842361996881664e-05
5.523833533516153693e-05
4.896912651020102203e-05
4.987503780284896493e-05
5.573924863710999489e-05
5.498588143382221460e-05
4.924946188111789525e-05
4.733665264211595058e-05
4.970407098880968988e-05
4.974963667336851358e-05
4.640310362447053194e-05
4.548948709270916879e-05
4.796723078470677137e-05
4.780992094310931861e-05
4.545036790659651160e-05
4.342330066720023751e-05
4.486444231588393450e-05
4.609787720255553722e-05
4.746303238789550960e-05
4.318664286984130740e-05
4.269119745003990829e-05
4.389206515043042600e-05
4.505569813773036003e-05
4.326161797507666051e-05
4.181950134807266295e-05
4.132383764954283834e-05
4.360281309345737100e-05
4.309898213250562549e-05
4.194366556475870311e-05
4.090333823114633560e-05
4.016816455987282097e-05
4.030845229863189161e-05
4.097973214811645448e-05
4.166412327322177589e-05
4.176484435447491705e-05
4.251798600307665765e-05
4.332925527705810964e-05
4.515189357334747910e-05
4.852486381423659623e-05
5.648341902997344732e-05
6.402108556358143687e-05
8.371907460968941450e-05
8.365043322555720806e-05
9.009753557620570064e-05
5.951245839241892099e-05
4.044910747325047851e-05
4.156976137892343104e-05
5.483721906784921885e-05
5.893656998523510993e-05
4.268615157343447208e-05
3.763465792872011662e-05
4.630514740711078048e-05
4.779386654263362288e-05
4.080281723872758448e-05
3.685761839733459055e-05
4.184512363281100988e-05
4.377306686365045607e-05
3.737835868378169835e-05
3.539822137099690735e-05
3.889317667926661670e-05
3.976341031375341117e-05
3.717052095453254879e-05
3.669676880235783756e-05
3.900995216099545360e-05
3.969025419792160392e-05
3.747318623936735094e-05
3.705634662765078247e-05
3.926917634089477360e-05
4.050113420817069709e-05
4.163692210568115115e-05
4.591584729496389627e-05
5.795987090095877647e-05
7.884499063948169351e-05
1.136287173721939325e-04
1.613052299944683909e-04
2.111487847287207842e-04
2.032532647717744112e-04
1.360172318527474999e-04
4.783409167430363595e-05
4.722222001873888075e-05
1.041753130266442895e-04
9.540114842820912600e-05
4.138596341363154352e-05
4.624201756087131798e-05
7.781167369103059173e-05
5.586951738223433495e-05
3.386139360372908413e-05
5.540514030144549906e-05
5.697774031432345510e-05
3.429345815675333142e-05
4.264530434738844633e-05
5.341891301213763654e-05
3.828007174888625741e-05
3.413792001083493233e-05
4.559040462481789291e-05
3.879820360452868044e-05
3.148450559820048511e-05
3.979370376328006387e-05
3.606734389904886484e-05
3.096959335380233824e-05
3.469168586889281869e-05
3.404827657504938543e-05
3.016529808519408107e-05
3.307623046566732228e-05
3.279225347796455026e-05
2.986151230288669467e-05
3.116652078460901976e-05
3.139247564831748605e-05
3.031226151506416500e-05
3.036803173017688096e-05
3.072519393754191697e-05
2.894153658417053521e-05
2.904508073697797954e-05
2.947402936115395278e-05
2.836869316524825990e-05
2.866202157747466117e-05
2.928676622104831040e-05
2.824272996804211289e-05
2.796260559989605099e-05
2.864247653633356094e-05
2.788286656141281128e-05
2.804191171890124679e-05
2.845934250217396766e-05
2.745607343968003988e-05
2.723853867792058736e-05
2.782673618639819324e-05
2.723481520661152899e-05
2.661812322912737727e-05
2.714924085012171417e-05
2.687010783120058477e-05
2.609574403322767466e-05
2.637226862134411931e-05
2.613911965454462916e-05
2.594407123979181051e-05
2.571320874267257750e-05
2.571578079368919134e-05
2.587193193903658539e-05
2.561934343248140067e-05
2.535525527491699904e-05
2.558066807978320867e-05
2.585641050245612860e-05
2.515900268917903304e-05
2.516862514312379062e-05
2.562969530117698014e-05
2.590217809483874589e-05
2.597787170088849962e-05
2.728045910771470517e-05
2.883987508539576083e-05
3.296522481832653284e-05
3.868629210046492517e-05
5.379215508583001792e-05
6.840023706899955869e-05
1.085331241483800113e-04
1.014470399240963161e-04
1.010584383038803935e-04
4.042766158818267286e-05
2.833777398336678743e-05
6.072883479646407068e-05
5.407032222137786448e-05
2.947147913801018149e-05
2.978489283123053610e-05
4.467053804546594620e-05
3.762939741136506200e-05
2.432716428302228451e-05
3.657480920082889497e-05
4.041374995722435415e-05
2.487348683644086123e-05
3.139322143397293985e-05
3.820806159637868404e-05
2.509084697521757334e-05
2.873428456950932741e-05
3.540989564498886466e-05
2.497029890946578234e-05
2.677116390259470791e-05
3.287223808001726866e-05
2.518519067962188274e-05
2.527321703382767737e-05
2.961466998385731131e-05
2.387092172284610569e-05
2.431375105516053736e-05
2.766486068139784038e-05
2.332795338588766754e-05
2.528710501792374998e-05
2.624991793709341437e-05
2.320320345461368561e-05
2.259638313262257725e-05
2.491073064447846264e-05
2.300181222381070256e-05
2.193427462771069258e-05
2.369990761508233845e-05
2.310722447873558849e-05
2.204543670814018697e-05
2.311076423211488873e-05
2.330442293896339834e-05
2.166222111554816365e-05
2.137906994903460145e-05
2.217938890680670738e-05
2.165351907024160028e-05
2.101986683555878699e-05
2.155028960260096937e-05
2.158568167942576110e-05
2.066374327114317566e-05
2.076016789942514151e-05
2.172350286855362356e-05
2.096075331792235374e-05
2.028807284659706056e-05
2.047266025329008698e-05
2.088413748424500227e-05
2.023533670580945909e-05
2.019121166085824370e-05
2.034761200775392354e-05
2.007675357162952423e-05
1.996563878492452204e-05
2.046868394245393574e-05
2.104975101246964186e-05
2.068501271423883736e-05
2.024568311753682792e-05
2.031451003858819604e-05
1.962972237379290164e-05
1.937939669005572796e-05
1.931389851961284876e-05
1.936560875037685037e-05
1.926481309055816382e-05
1.921363582368940115e-05
1.897633774206042290e-05
1.920280010381247848e-05
1.928351230162661523e-05
1.945970143424347043e-05
1.974816586880479008e-05
1.999113010242581367e-05
2.041290281340479851e-05
2.097455035254824907e-05
2.161656630050856620e-05
2.235370811831671745e-05
2.263378883071709424e-05
2.284826223331037909e-05
2.304419103893451393e-05
2.249857425340451300e-05
2.158427378162741661e-05
2.171528285543899983e-05
2.249797398690134287e-05
2.525281342968810350e-05
3.103316703345626593e-05
4.411677946336567402e-05
6.886031769681721926e-05
1.109085496864281595e-04
1.742700114846229553e-04
2.441402903059497476e-04
2.481581759639084339e-04
1.409726246492937207e-04
2.956390744657255709e-05
5.293612412060610950e-05
1.181237603304907680e-04
7.369599188677966595e-05
2.117816438840236515e-05
6.698728975607082248e-05
7.247729809023439884e-05
2.222013426944613457e-05
4.633282151189632714e-05
6.304199632722884417e-05
2.325903369637671858e-05
3.791322160395793617e-05
5.100868293084204197e-05
2.105875319102779031e-05
3.615638343035243452e-05
3.979736720793880522e-05
1.972145946638192981e-05
3.453313547652214766e-05
3.041260060854256153e-05
2.014321580645628273e-05
3.420902794459834695e-05
2.510554440959822387e-05
2.071259768854361027e-05
2.935040902229957283e-05
2.062667954305652529e-05
2.191943713114596903e-05
2.612940261315088719e-05
1.879733645182568580e-05
2.179228613385930657e-05
2.295414014952257276e-05
1.807718399504665285e-05
2.114764720317907631e-05
2.088331166305579245e-05
1.771279858076013625e-05
1.973642429220490158e-05
1.945571784744970500e-05
1.753684045979753137e-05
1.899472590594086796e-05
1.835448165365960449e-05
1.742457243381068110e-05
1.838815114751923829e-05
1.775193595676682889e-05
1.729717405396513641e-05
1.799019628379028291e-05
1.734966099320445210e-05
1.775786950020119548e-05
1.817771772039122880e-05
1.683863411017227918e-05
1.760404666129034013e-05
1.808108754630666226e-05
1.668287768552545458e-05
1.706361035758163780e-05
1.763917680364102125e-05
1.660198358877096325e-05
1.660730413277633488e-05
1.712466291792225093e-05
1.644807889533694834e-05
1.643735049583483487e-05
1.688422889856155962e-05
1.636299020901788026e-05
1.625631193746812642e-05
1.664817864366341382e-05
1.625297045393381268e-05
1.604912904440425336e-05
1.636546221561729908e-05
1.611668994883075356e-05
1.581581273057963699e-05
1.620197690499480814e-05
1.615202563698403537e-05
1.576723116158973426e-05
1.602473821549210697e-05
1.593392698850948364e-05
1.572591281728819013e-05
1.579734089318662882e-05
1.590924694028217345e-05
1.545339182484894991e-05
1.542510835861321539e-05
1.573223198647610843e-05
1.557973519084043801e-05
1.599409733898937702e-05
1.558521580591332167e-05
1.555279413878452033e-05
1.554214759380556643e-05
1.564825106470379978e-05
1.564347985549829900e-05
1.562824763823300600e-05
1.562470424687489867e-05
1.529587643744889647e-05
1.524810795672237873e-05
1.532931310066487640e-05
1.500256166764302179e-05
1.505613818153506145e-05
1.508694549556821585e-05
1.504213742009596899e-05
1.511886057414812967e-05
1.472932035539997742e-05
1.458803490095306188e-05
1.483159303461434320e-05
1.470789902668911964e-05
1.465846253267955035e-05
1.492842147854389623e-05
1.502400391473202035e-05
1.543795769975986332e-05
1.593474007677286863e-05
1.779538797563873231e-05
2.018612940446473658e-05
2.517911707400344312e-05
3.191480573150329292e-05
4.861424167756922543e-05
6.117787415860220790e-05
9.545998909743502736e-05
8.119764970615506172e-05
7.122519309632480145e-05
2.574923200882039964e-05
1.795177195162978023e-05
4.249347330187447369e-05
4.133220500079914927e-05
2.215381027781404555e-05
1.614148641237989068e-05
2.963478073070291430e-05
3.190195639035664499e-05
1.676400461292359978e-05
2.055689765256829560e-05
2.939825208159163594e-05
1.903072734421584755e-05
1.559215343149844557e-05
2.357592347834724933e-05
1.985359813261311501e-05
1.463180069549707696e-05
1.830948895076289773e-05
1.876407259260304272e-05
1.474237069487571716e-05
1.559253541927319020e-05
1.772673567757010460e-05
1.575021087774075568e-05
1.416042414348339662e-05
1.596169386175461113e-05
1.580901152919977903e-05
1.384956067340681329e-05
1.497896846558433026e-05
1.570534368511289358e-05
1.399078519170871004e-05
1.403949318046215922e-05
1.491812417953042313e-05
1.426866674592019990e-05
1.363583214697428048e-05
1.398700260324403644e-05
1.424046786269173026e-05
1.352816161670489237e-05
1.355314725515199825e-05
1.391491241520270705e-05
1.365921252727275714e-05
1.338468700851080939e-05
1.351280479866545647e-05
1.371863163512898609e-05
1.333397904090816155e-05
1.336604873358737677e-05
1.318686554441228509e-05
1.330448048975085840e-05
1.319542116107186303e-05
1.309342678723623976e-05
1.318974136665929109e-05
1.305844762100605294e-05
1.493146555731073022e-05
1.297420749324373901e-05
1.306146077695302665e-05
1.297539438382955268e-05
1.298277129535563290e-05
1.306047215621219948e-05
1.292080287385033444e-05
1.282640187127981335e-05
1.295056335948174819e-05
1.294669527851510793e-05
1.277094361284980550e-05
1.250382229045499116e-05
1.281434379052370787e-05
1.281826462218305096e-05
1.269542008230928332e-05
1.261082252312917262e-05
1.268330470338696614e-05
1.256140330951893702e-05
1.234749106515664607e-05
1.251648063771426678e-05
1.227066059072967619e-05
1.250757395609980449e-05
1.250918921869015321e-05
1.245081239176215604e-05
1.244252416654489934e-05
1.221255024574929848e-05
1.224848529091104865e-05
1.224816242029191926e-05
1.227706161444075406e-05
1.218198212882271037e-05
1.211288326885551214e-05
1.219708246935624629e-05
1.213238465425092727e-05
1.214094481838401407e-05
1.215332213178044185e-05
1.217881890624994412e-05
1.213484483741922304e-05
1.197339224745519459e-05
1.194244214275386184e-05
1.202917246700963005e-05
1.210300706588895991e-05
1.185481141874333844e-05
1.208223966386867687e-05
1.202591829496668652e-05
1.192689433082705364e-05
1.194040578411659226e-05
1.200829319714102894e-05
1.193859043269185349e-05
1.183160384243819863e-05
1.180991330329561606e-05
1.177114336314843968e-05
1.188987243949668482e-05
1.163526576419826597e-05
1.172579140984453261e-05
1.181082188850268722e-05
1.154556321125710383e-05
1.157140559371327981e-05
1.148668798123253509e-05
1.162203716376097873e-05
1.148636965808691457e-05
1.153803805209463462e-05
1.155544032371835783e-05
1.148962655861396343e-05
1.158866598416352645e-05
1.159001840278506279e-05
1.190374769066693261e-05
1.172789234260562807e-05
1.154576966655440629e-05
1.128845906350761652e-05
1.160098599939374253e-05
1.208239700645208359e-05
1.275565227842889726e-05
1.261617853742791340e-05
1.229484678333392367e-05
1.192058061860734597e-05
1.143064400821458548e-05
1.127523228205973282e-05
1.135158163378946483e-05
1.175808210973627865e-05
1.227264783665305004e-05
1.337347384833265096e-05
1.484861968492623419e-05
1.600642826815601438e-05
1.670471647230442613e-05
1.678646003711037338e-05
1.634563341212924570e-05
1.527089625597000122e-05
1.408783464285079390e-05
1.300062831433024257e-05
1.233089642482809722e-05
1.118926138587994501e-05
1.116252315114252269e-05
1.110118773794965819e-05
1.116442126658512279e-05
1.125318885897286236e-05
1.113656526285922155e-05
1.124149366660276428e-05
1.093505397875560448e-05
1.108863216359168291e-05
1.098993470804998651e-05
1.100655936170369387e-05
1.094019626179942861e-05
1.097089079848956317e-05
1.090194928110577166e-05
1.098815027944510803e-05
1.101624820876168087e-05
1.114487622544402257e-05
1.107820480683585629e-05
1.129296288127079606e-05
1.158762643171939999e-05
1.211036760651040822e-05
1.299196628679055721e-05
1.423158118996070698e-05
1.659542976994998753e-05
1.999104642891325057e-05
2.367157685512211174e-05
2.792675695673096925e-05
3.171438584104180336e-05
3.576907329261302948e-05
3.827879845630377531e-05
3.876449773088097572e-05
3.456307240412570536e-05
2.732600114541128278e-05
1.867579521785955876e-05
1.217000954056857154e-05
1.083807001123204827e-05
1.374428029521368444e-05
1.782135950634256005e-05
2.020461397478356957e-05
1.965857882169075310e-05
1.632456041988916695e-05
1.258850261365296319e-05
1.046775832946877927e-05
1.097177391784498468e-05
1.251392950507579371e-05
1.369585334032308310e-05
1.378737306367838755e-05
1.295809943258063868e-05
1.154322399088414386e-05
1.073471958079608157e-05
1.147297098214039579e-05
1.144249017670517787e-05
1.222646096721291542e-05
1.271501059818547219e-05
1.253261507372371852e-05
1.182523465104168281e-05
1.188454280054429546e-05
1.309389881498645991e-05
1.469508242735173553e-05
1.694339152891188860e-05
1.816333133319858462e-05
2.022876105911564082e-05
2.118906922987662256e-05
2.441328069835435599e-05
2.510870945116039366e-05
2.850420605682302266e-05
2.678789314813911915e-05
2.685814251890406013e-05
2.101487552863545716e-05
1.622400304768234491e-05
1.174545832327567041e-05
1.010325649986043572e-05
1.131963017542148009e-05
1.332046940660802647e-05
1.477643309044651687e-05
1.404647355229826644e-05
1.210146001540124416e-05
1.072269606083864346e-05
1.104516195482574403e-05
1.234515002579428256e-05
1.335776687483303249e-05
1.363625415251590312e-05
1.237939886777894571e-05
1.109553795686224476e-05
1.019481987896142527e-05
1.009152765618637204e-05
1.071552378562046215e-05
1.112040172301931307e-05
1.128714484366355464e-05
1.227984830620698631e-05
1.500221060268813744e-05
1.937498018378391862e-05
2.420243981759995222e-05
2.851569661288522184e-05
3.220777216483838856e-05
3.424064925638958812e-05
3.409156488487496972e-05
2.952893009933177382e-05
2.297861828992608935e-05
1.629031430638860911e-05
1.198330573970451951e-05
1.046307716023875400e-05
1.097944641514914110e-05
1.318540489592123777e-05
1.486413020757026970e-05
1.500558209954760969e-05
1.361432259727735072e-05
1.169737424788763747e-05
1.028798669722164050e-05
9.800389307201839983e-06
1.007563150778878480e-05
1.045716999215073884e-05
1.011509357340401039e-05
9.729727025842294097e-06
9.799871804716531187e-06
1.026126119541004300e-05
1.078582954505691305e-05
1.102521673601586372e-05
1.091543072107015178e-05
1.025058008963242173e-05
9.540525752527173609e-06
9.585788575350306928e-06
1.020332547341240570e-05
1.031896044878521934e-05
9.989604222937487066e-06
9.659655916038900614e-06
9.622385732654947788e-06
9.456595762458164245e-06
9.508741641184315085e-06
9.471752491663210094e-06
9.593588401912711561e-06
9.446207513974513859e-06
9.597031748853623867e-06
9.706311175250448287e-06
9.593672075425274670e-06
9.553530617267824709e-06
9.393515028932597488e-06
9.288300134357996285e-06
9.306284482590854168e-06
9.272566785512026399e-06
9.253045391233172268e-06
9.213385965267661959e-06
9.394082553626503795e-06
9.541675353830214590e-06
9.690394108474720269e-06
9.743454029376152903e-06
9.752669029694516212e-06
9.966277502826415002e-06
1.008879644359694794e-05
9.915756891132332385e-06
9.639473319111857563e-06
9.198380212183110416e-06
9.240246981789823622e-06
9.150094228971283883e-06
9.150621735898312181e-06
9.324706297775264829e-06
9.397878784511703998e-06
9.551928997098002583e-06
9.828500878938939422e-06
1.026824975269846618e-05
1.097859694709768519e-05
1.160560896096285433e-05
1.285252074012532830e-05
1.381179117743158713e-05
1.566525861562695354e-05
1.787063229130581021e-05
2.199830851168371737e-05
2.568681338743772358e-05
3.348767859279178083e-05
3.616975300246849656e-05
4.336933488957583904e-05
3.761843254324048758e-05
3.294022826594300568e-05
1.960269946721382439e-05
1.142856308433692902e-05
1.078877903637476265e-05
1.649274418014101684e-05
2.195005072280764580e-05
1.935958789545111358e-05
1.432697536074556410e-05
1.088145381800131872e-05
1.234094997926149517e-05
1.539813638373743743e-05
1.539716686238534749e-05
1.326433994108811021e-05
1.114433325710706413e-05
1.194201468024402857e-05
1.379238710796926171e-05
1.455872552469372749e-05
1.401803183398442343e-05
1.489250280428677797e-05
1.912840525619685650e-05
2.554612910898867995e-05
3.270070737926289439e-05
4.034843732370063663e-05
4.863263893639668822e-05
5.310137203196063638e-05
5.568026608671061695e-05
4.962780803907662630e-05
3.983064016210846603e-05
2.548558040871284902e-05
1.422177228960208595e-05
9.674400644144043326e-06
1.209064885188126937e-05
1.692059413471724838e-05
1.927117045852355659e-05
1.639051697566173971e-05
1.136050013883505017e-05
9.195518941851332784e-06
1.146323302236851305e-05
1.455427445762325078e-05
1.394902483298210427e-05
1.051969229592941701e-05
8.829013495414983481e-06
1.082596008927794173e-05
1.280575088458135724e-05
1.191761202790075913e-05
9.632383807911537588e-06
8.897669431462418288e-06
1.052121297107078135e-05
1.220745161845115945e-05
1.164694003819022328e-05
9.864883395493961871e-06
8.771483408054336905e-06
9.252739801013376564e-06
1.028285896609304473e-05
1.000735119305318221e-05
9.290416528529021889e-06
8.761577191762626171e-06
8.814848115434870124e-06
9.593504728400148451e-06
9.961767318600323051e-06
9.554360985930543393e-06
8.706669177627190948e-06
8.785511454334482551e-06
9.015253453981131315e-06
9.333749403594993055e-06
9.019604476634413004e-06
9.363492608827073127e-06
9.640092685003764927e-06
9.097671863855794072e-06
8.636143320472911000e-06
8.587591764808166772e-06
8.921459993871394545e-06
9.184101145365275443e-06
8.984212399809621274e-06
8.705907930561807007e-06
8.546294338884763420e-06
8.390559742110781372e-06
8.546631761419121176e-06
8.862630238581914455e-06
8.952430107456166297e-06
9.053157555172219872e-06
8.567667464376427233e-06
8.392793461098335683e-06
8.339054147654678673e-06
8.427736247540451586e-06
8.612793862994294614e-06
8.593219718022737652e-06
8.552081453672144562e-06
8.248627636930905282e-06
8.374647222808562219e-06
8.338445695699192584e-06
8.278004315798170865e-06
8.519421498931478709e-06
8.473854904877953231e-06
8.409458132518921047e-06
8.256638466264121234e-06
8.250285645772237331e-06
8.232743311964441091e-06
8.328986950800754130e-06
8.722860911802854389e-06
9.192107427224982530e-06
9.355068868899252266e-06
9.643143130233511329e-06
9.656689144321717322e-06
9.831727766140829772e-06
1.007341779768466949e-05
1.073864314093952999e-05
1.125978815252892673e-05
1.093992977985180914e-05
9.906195373332593590e-06
8.615974365966394544e-06
8.219628398364875466e-06
8.642924512969329953e-06
9.598361430107615888e-06
9.900240002025384456e-06
1.019173487293301150e-05
9.928170584316831082e-06
9.623416190152056515e-06
9.319588571088388562e-06
9.397992471349425614e-06
9.403663170814979821e-06
9.520712410449050367e-06
9.514072189631406218e-06
9.415420208824798465e-06
9.207914445141796023e-06
8.886698196874931455e-06
8.613943464297335595e-06
8.336146493093110621e-06
8.076016456470824778e-06
8.313086254929658026e-06
8.614216312707867473e-06
9.056886483449488878e-06
9.345355465484317392e-06
9.269620022678282112e-06
9.130583748628851026e-06
8.938034625316504389e-06
8.848782272252719849e-06
8.821337360132019967e-06
8.632389835838694125e-06
8.679397069499827921e-06
8.596535735705401748e-06
8.464835445920471102e-06
8.309132681461051106e-06
8.284529940283391625e-06
8.416137461608741432e-06
8.626140697742812335e-06
8.706441803951747715e-06
9.174395017907954752e-06
9.749659511726349592e-06
1.096276355383452028e-05
1.207354125654092059e-05
1.319091461482457817e-05
1.399536995450034738e-05
1.422863533662166446e-05
1.310074367211200297e-05
1.177978265332058072e-05
9.674368811829481274e-06
8.071866432146634907e-06
7.847434062568936497e-06
8.397756573685910553e-06
9.902006240736227483e-06
1.066896129486849532e-05
1.093466198653914034e-05
1.084422456187894568e-05
1.078441346180625260e-05
1.061343118635704741e-05
1.026030440698377788e-05
9.854618838289752603e-06
9.688917089079041034e-06
9.772559678822290152e-06
9.937534741766285151e-06
9.892335583572275937e-06
1.022120522975455970e-05
1.067296034307219088e-05
1.117237115977331996e-05
1.220489502884447575e-05
1.270720349566545337e-05
1.435098329238826409e-05
1.509342291683424264e-05
1.644658186705783010e-05
1.659961708355695009e-05
1.757633071974851191e-05
1.661366150074172765e-05
1.670425263000652194e-05
1.658386281633283943e-05
1.748518661770503968e-05
1.854020410974044353e-05
2.010831667575985193e-05
2.131027213181369007e-05
2.161950942536350340e-05
2.105815656250342727e-05
1.853474896051920950e-05
1.590526335348840803e-05
1.259890268556773663e-05
1.031809733831323683e-05
9.366975973534863442e-06
1.040082133840769529e-05
1.244928262167377397e-05
1.478235753893386573e-05
1.703965062915813178e-05
1.743051325320266187e-05
1.577025432197842747e-05
1.246428018930600956e-05
9.970466635422781110e-06
9.065485755854751915e-06
9.643873454479034990e-06
1.039617291098693386e-05
1.065152537194080651e-05
1.022649576043477282e-05
9.667703125160187483e-06
8.776135473453905433e-06
8.410122973145917058e-06
8.431477908743545413e-06
8.640157830086536705e-06
8.982418876257725060e-06
9.205989954352844507e-06
9.393003892910201102e-06
9.271489943785127252e-06
8.927631824917625636e-06
8.447375876130536199e-06
8.048297786444891244e-06
7.758063475193921477e-06
7.847292181395459920e-06
8.220444215112365782e-06
8.204113328247331083e-06
8.301330126414541155e-06
8.229548257077112794e-06
8.105212145892437547e-06
7.844665560696739703e-06
7.578660643048351631e-06
7.495556474168552086e-06
7.657038622710388154e-06
7.582750185974873602e-06
7.317040399357210845e-06
7.358075890806503594e-06
7.388982794509502128e-06
7.380264378298306838e-06
7.333065696002449840e-06
7.593868758704047650e-06
7.545098469563527033e-06
7.693996849411632866e-06
7.569256922579370439e-06
7.717932930972892791e-06
7.799412742315325886e-06
7.836104487068951130e-06
7.822456609574146569e-06
7.915493370092008263e-06
7.561126494692871347e-06
7.645042387594003230e-06
7.641086085641290992e-06
7.653679858776740730e-06
7.431312496919417754e-06
7.463634574378374964e-06
7.486059530492639169e-06
7.265841759362956509e-06
7.415187610604334623e-06
7.326474587898701429e-06
7.275714779098052531e-06
7.306135103135602549e-06
7.233693395392037928e-06
7.496603302570292726e-06
7.720809662714600563e-06
7.922653821879066527e-06
8.119386620819568634e-06
8.425305168202612549e-06
8.800940122455358505e-06
9.151708582066930830e-06
9.546772162138950080e-06
1.028656333801336586e-05
1.130841519625391811e-05
1.298412917094537988e-05
1.486392466176766902e-05
1.800375139282550663e-05
2.182672324124723673e-05
2.779749956971500069e-05
3.407143958611413836e-05
4.090575021109543741e-05
4.546284617390483618e-05
4.870736302109435201e-05
4.492362131713889539e-05
3.643344825832173228e-05
2.362086888751946390e-05
1.264913953491486609e-05
7.528519745392259210e-06
9.610307643015403301e-06
1.518954013590700924e-05
1.891721331048756838e-05
1.836413321143481880e-05
1.348110072285635397e-05
9.104734999709762633e-06
7.325397291424451396e-06
8.230684215959627181e-06
1.015093312162207440e-05
1.085906205844366923e-05
1.059550049831159413e-05
8.809111932350788265e-06
7.302021913346834481e-06
7.420037036354187876e-06
8.611718840256799012e-06
9.918555406329687685e-06
9.923761354002635926e-06
9.068770850717555732e-06
7.730208380962722003e-06
7.165375791373662651e-06
7.088848178682383150e-06
7.517020094383042306e-06
7.803468179190531373e-06
7.940205250633880496e-06
7.979919246281497180e-06
7.648807695659343153e-06
7.765184818708803505e-06
1.150651223724707961e-05
1.326555866398848593e-05
1.671485551923979074e-05
1.674698251008521765e-05
1.368847279081819579e-05
9.921528544509783387e-06
8.052122211665846407e-06
8.940960469772107899e-06
1.112938389269402251e-05
1.314262135565513745e-05
1.303735189139842987e-05
1.141612574429018423e-05
9.297724318457767367e-06
7.992319297045469284e-06
8.590327524871099740e-06
1.056877499649999663e-05
1.278933905268786475e-05
1.286169208469800651e-05
1.245356543222442269e-05
1.079628782463259995e-05
9.432237675355281681e-06
8.388790774915833026e-06
8.088872164080385119e-06
7.645508958376012743e-06
7.304040082090068609e-06
7.671980711165815592e-06
8.441034879069775343e-06
9.074175068235490471e-06
9.224527275364380330e-06
8.979014637588988990e-06
8.295958650705870241e-06
7.664477379876188934e-06
7.132643531804205850e-06
6.919432962604332715e-06
7.225150056910933927e-06
7.790448762534651905e-06
8.063980203587561846e-06
8.016509127628523856e-06
7.906246537459082901e-06
8.335358870681375265e-06
8.275324944406747818e-06
8.422146493103355169e-06
7.883083526394329965e-06
7.570658453914802521e-06
7.052136879792669788e-06
6.966538876440608874e-06
7.166601335484301671e-06
7.125557658582692966e-06
7.435933639499126002e-06
7.530736183980479836e-06
7.871548405091743916e-06
7.916780305095016956e-06
7.761283086438197643e-06
7.601704965054523200e-06
7.385827757389051840e-06
7.163851478253491223e-06
7.196821570687461644e-06
7.082543561409693211e-06
7.036957413220079616e-06
6.989427220105426386e-06
6.837165074102813378e-06
6.988196219026576728e-06
6.921132353454595432e-06
7.065174031595233828e-06
7.186994480434805155e-06
7.394389740511542186e-06
7.512500815209932625e-06
8.067423550528474152e-06
8.101069397525861859e-06
8.191096640075556934e-06
8.005345989658962935e-06
7.902485776867251843e-06
7.789793016854673624e-06
7.640086550964042544e-06
7.393115993181709200e-06
7.717551852692849934e-06
8.361666914424858987e-06
1.014014014799613506e-05
1.364100080536445603e-05
1.888972656161058694e-05
2.626713830977678299e-05
3.746460788534022868e-05
4.890513810096308589e-05
6.483671313617378473e-05
6.895668775541707873e-05
7.088611164363101125e-05
4.995465496904216707e-05
2.570048309280537069e-05
8.864857591106556356e-06
1.214999792864546180e-05
2.666911495907697827e-05
3.038016438949853182e-05
2.202373616455588490e-05
9.877428055915515870e-06
8.936557605920825154e-06
1.632126804906874895e-05
1.798840821720659733e-05
1.250437071576016024e-05
7.296011062862817198e-06
9.639599738875404000e-06
1.437034552509430796e-05
1.253562277270248160e-05
8.027811418287456036e-06
7.648597602383233607e-06
1.098054235626477748e-05
1.162716125691076741e-05
8.270663784060161561e-06
6.868947821203619242e-06
8.738516044104471803e-06
1.015483485389268026e-05
8.840869668347295374e-06
6.906544513185508549e-06
7.192867997218854725e-06
8.577419976063538343e-06
8.304607945319730788e-06
7.211150659713894129e-06
6.868183390906779096e-06
7.414992978738155216e-06
7.738455678918398917e-06
7.088224265316966921e-06
6.776572718081297353e-06
6.968541583773912862e-06
7.496208127122372389e-06
7.162340807553846389e-06
6.637269507336895913e-06
6.792066415073350072e-06
7.259734957187902182e-06
7.294610441022086889e-06
6.629457402596017346e-06
6.624281468248227611e-06
7.124440799088915810e-06
7.295195700862677768e-06
7.203787845355691388e-06
6.599943390028784052e-06
6.715387371514225379e-06
7.125529009499587119e-06
6.929459686944028363e-06
6.761910299246665090e-06
6.812815627199597657e-06
6.893464160384610295e-06
6.696466243738541380e-06
6.534807653224561363e-06
6.504091288661584258e-06
6.692947408737381920e-06
6.737670901202363893e-06
6.526704964926466346e-06
6.536854925798252225e-06
6.629956715187290683e-06
6.803228188800858334e-06
6.664634383923839778e-06
6.518576810776721686e-06
6.514910182886524126e-06
6.442559424613136798e-06
6.522326657432131469e-06
6.546210443048039451e-06
6.759742063877638429e-06
6.853880222479347140e-06
6.830173788330284879e-06
6.651968760706949979e-06
6.483609013230307028e-06
6.243561529117869213e-06
6.217673671926604584e-06
6.567339823959628120e-06
6.353445314744021744e-06
6.429699624277418479e-06
6.399584890459664166e-06
6.221432158781681210e-06
6.340963864204240963e-06
6.341098924167454243e-06
6.442922312999144197e-06
6.199173185450490564e-06
6.363831289490917698e-06
6.284484243224142119e-06
6.384523203450953588e-06
6.260814188863150775e-06
6.438558102672686800e-06
6.299087090155808255e-06
6.271350230235839263e-06
6.193480203364742920e-06
6.273582584981340915e-06
6.350150215439498425e-06
6.328237759589683264e-06
6.262450369831640273e-06
6.300940185610670596e-06
6.219207989488495514e-06
6.265939191507641226e-06
6.219485840119887143e-06
6.265129741223063320e-06
6.122271770436782390e-06
6.228868642210727558e-06
6.246776592888636515e-06
6.223053333087591454e-06
6.169227617647266015e-06
6.156903509690891951e-06
6.198715709615498781e-06
6.162238150864141062e-06
6.358205610013101250e-06
6.206904799910262227e-06
6.447980013035703450e-06
6.529947768285637721e-06
7.017655207164352760e-06
7.674717380723450333e-06
8.776351933192927390e-06
1.076778335118433461e-05
1.379708101012511179e-05
1.718010025797411799e-05
2.195989145548082888e-05
2.707109342736657709e-05
3.273110269219614565e-05
3.487409048830159009e-05
3.438864223426207900e-05
2.828038668667431921e-05
2.016336475207936019e-05
1.195904314954532310e-05
7.139533863664837554e-06
6.531196959258522838e-06
8.935859113989863545e-06
1.277633782592602074e-05
1.606268233445007354e-05
1.729898031044285744e-05
1.565495404065586627e-05
1.158204850071342662e-05
7.450591056112898514e-06
7.272643415490165353e-06
8.105017514026258141e-06
1.003078341454965994e-05
9.149770448857452720e-06
7.013911726971855387e-06
6.261942871788050979e-06
7.160291261243401095e-06
8.078855898929759860e-06
7.581758382002590224e-06
6.724820195813663304e-06
6.157481948321219534e-06
6.666182343906257302e-06
7.408114470308646560e-06
8.013104888959787786e-06
7.763981557218357921e-06
7.166346222220454365e-06
6.484717232524417341e-06
6.151867637527175248e-06
6.229870450624730438e-06
6.391945134964771569e-06
6.690230748063186184e-06
6.478062005044193938e-06
6.304984708549454808e-06
6.310894605121575296e-06
5.964504453004337847e-06
6.127861979621229693e-06
6.161418696137843654e-06
6.209173989191185683e-06
6.071845291444333270e-06
6.071082680136896670e-06
6.061109161237254739e-06
5.965642230876255780e-06
6.048787781764985994e-06
5.958511792414356023e-06
6.171379482111660764e-06
6.246755219763144851e-06
6.243539701245026663e-06
6.192878117872169241e-06
6.125524123490322381e-06
5.914175289944978431e-06
5.911779680900508538e-06
5.943879386904882267e-06
6.157062216516351327e-06
6.612889137613819912e-06
6.588265478058019653e-06
6.646749170613475144e-06
6.616027349082287401e-06
6.391440820152638480e-06
5.954828338872175664e-06
5.960959242656826973e-06
6.073775239201495424e-06
6.461148586822673678e-06
6.545538781210780144e-06
6.712476078973850235e-06
6.491508429462555796e-06
6.546495569637045264e-06
6.056715392332989722e-06
6.002411282679531723e-06
6.017709893058054149e-06
5.895879894524114206e-06
5.986565611237892881e-06
5.850429715792415664e-06
5.977224191155983135e-06
5.875165697943884879e-06
5.910198524361476302e-06
6.037837010808289051e-06
5.897472419746918604e-06
6.042256700311554596e-06
6.082592335587833077e-06
6.008552190905902535e-06
5.828734629176324233e-06
5.813265943288570270e-06
5.870759196113795042e-06
5.854318715137196705e-06
6.110501090006437153e-06
6.114200004958547652e-06
6.178529929456999525e-06
6.261991075007244945e-06
6.183639925438910723e-06
6.226761797734070569e-06
6.219792794581735507e-06
5.847170541528612375e-06
5.947873432887718081e-06
5.946701548964483663e-06
5.998125743644777685e-06
6.037158527760766447e-06
6.045415830158162862e-06
6.135992862255079672e-06
6.306196155492216349e-06
6.254557774809654802e-06
6.376355031534330919e-06
6.617033250222448260e-06
6.778457645850721747e-06
7.024917067610658705e-06
7.118566372810164467e-06
7.153927526815095916e-06
7.202922006399603561e-06
7.401455604849616066e-06
7.902939614723436534e-06
8.325719136337283999e-06
8.857797183736693114e-06
9.320899152953643352e-06
1.042829808284295723e-05
1.173559667222434655e-05
1.289265128434635699e-05
1.349276681139599532e-05
1.315089048148365691e-05
1.214651729242177680e-05
1.079713911167345941e-05
9.533537195238750428e-06
8.046898983593564481e-06
6.660658527835039422e-06
5.648717888107057661e-06
5.958775545877870172e-06
6.713910352118546143e-06
7.267019100254401565e-06
7.774772711854893714e-06
7.821715371392201632e-06
7.805629138601943851e-06
7.572590220661368221e-06
7.359261871897615492e-06
6.801091330999042839e-06
6.124788342276588082e-06
5.833997875015484169e-06
5.785015673609450459e-06
5.952660558250499889e-06
6.322901299427030608e-06
6.440899142035050318e-06
6.451902208937099203e-06
6.082681920815957710e-06
5.724848051613662392e-06
5.711464837077073753e-06
5.710497134714387357e-06
5.655857876263326034e-06
5.749768206442240626e-06
5.852825324836885557e-06
5.926189714955398813e-06
6.158020823932019994e-06
6.124205356172751635e-06
5.987183158140396699e-06
5.934876298852032050e-06
5.832198439748026431e-06
5.727907137043075636e-06
5.715634870284702629e-06
5.722713012801250443e-06
5.531404895009472966e-06
5.700131623598281294e-06
5.673929081240203232e-06
5.746976967202499509e-06
5.806701665278524160e-06
5.768440587416989729e-06
5.942599273112136871e-06
6.266130640142364427e-06
6.635357749473769218e-06
7.719074346823617816e-06
9.513092663837596774e-06
1.256797258974984288e-05
1.658638211665675044e-05
2.457332448102533817e-05
3.399268098291940987e-05
4.992851972929202020e-05
6.086341090849600732e-05
7.260938582476228476e-05
6.521736941067501903e-05
4.967330096405930817e-05
2.744341509242076427e-05
1.584443270985502750e-05
1.878217335615772754e-05
2.220909846073482186e-05
1.992363104363903403e-05
1.079070534615311772e-05
9.336835319118108600e-06
1.616226109035778791e-05
1.759675978973973542e-05
1.259957298316294327e-05
6.542258688568836078e-06
8.391425581066869199e-06
1.333810541837010533e-05
1.219624846271472052e-05
7.614229161845287308e-06
6.065578872949117795e-06
9.050143489730544388e-06
1.082629933080170304e-05
8.369842362299095839e-06
6.220322120498167351e-06
7.211574029497569427e-06
8.454176168015692383e-06
7.578643362649017945e-06
6.045758709660731256e-06
6.476761882368009537e-06
7.499211278627626598e-06
7.365197689068736508e-06
6.185745405673515052e-06
5.703280294255819172e-06
6.645179382758215070e-06
6.903931989654665813e-06
6.483463494078023359e-06
6.213190772541565821e-06
6.439922344725346193e-06
6.440710421884432435e-06
6.053498964320169762e-06
5.574429906118893996e-06
5.796278855996206403e-06
6.311035576800350100e-06
6.428146662074141204e-06
6.163312718854285777e-06
5.922024229221278802e-06
5.747990599047625437e-06
5.766343747382052243e-06
6.206932539498666301e-06
6.410882633645087481e-06
6.274362476688111201e-06
5.835025149281136692e-06
5.793843229184858501e-06
5.685606083716265857e-06
5.664525815518572927e-06
5.783168944617500529e-06
5.904909812670666724e-06
6.203960765560623258e-06
5.994787898089271039e-06
5.825409061799291521e-06
5.656384018948301673e-06
5.628186499961884692e-06
5.526630957319866866e-06
5.564055754803121090e-06
5.773761586169712245e-06
5.973062798148021102e-06
6.098343419580487534e-06
6.227724952623248100e-06
6.295433195191435516e-06
5.991093530610669404e-06
5.665895514539442956e-06
5.651120318361790851e-06
5.525525466509861872e-06
5.609093477687565610e-06
5.715565748687367886e-06
5.775849786004982889e-06
5.800725375593174249e-06
5.575559498538495973e-06
5.478757429955294356e-06
5.540596703212941065e-06
5.587536179518792778e-06
5.581222467299085110e-06
5.727556072088191286e-06
5.830016107211122289e-06
5.572061127168126404e-06
5.571885594690684229e-06
5.464883543027099222e-06
5.605937531072413549e-06
5.694411811418831348e-06
5.549991328734904528e-06
5.725367827835725620e-06
5.872514520888216794e-06
5.943156338616972789e-06
5.759087798651307821e-06
5.812906692881369963e-06
5.426240477390820161e-06
5.485516339831519872e-06
5.592043180513428524e-06
5.655168479279382154e-06
5.945375050941947848e-06
6.097112418501637876e-06
5.977519776934059337e-06
5.961654096608981490e-06
5.885453902010340244e-06
5.565096216741949320e-06
5.586662609857739881e-06
5.308883373800199479e-06
5.447348485176917166e-06
5.432731541077373549e-06
5.323237928678281605e-06
5.476318619912490249e-06
5.443484496936434880e-06
5.751923708885442466e-06
5.749144293076824397e-06
5.648967544402694330e-06
5.420122761279344559e-06
5.447385774459689856e-06
5.256807980913436040e-06
5.340231837180908769e-06
5.338836217561038211e-06
5.413509825302753597e-06
5.444052931125042960e-06
5.453515314002288505e-06
5.362399406294571236e-06
5.479123956320108846e-06
5.340803454600973055e-06
5.356451310944976285e-06
5.471195891004754230e-06
5.488230726768961176e-06
5.932075055170571432e-06
6.314840447885217145e-06
7.228954473248450086e-06
8.567013537685852498e-06
1.102554688259260729e-05
1.536564013804309070e-05
2.178547038056422025e-05
3.417854168219491839e-05
5.136114850756712258e-05
6.857582047814503312e-05
6.867040065117180347e-05
5.641184179694391787e-05
3.110864417976699769e-05
1.021274783852277324e-05
6.933830263733398169e-06
1.832196721807122231e-05
2.689654684218112379e-05
2.114548260578885674e-05
1.021091975417220965e-05
5.729161330236820504e-06
1.023203731165267527e-05
1.543950384075287730e-05
1.345394866802962497e-05
7.732746780675370246e-06
6.222272986633470282e-06
9.073597539099864662e-06
1.124079881265060976e-05
9.401401257491670549e-06
6.329579264274798334e-06
6.027983999956632033e-06
8.178988537110853940e-06
8.756600436754524708e-06
7.323562840610975400e-06
5.929514372837729752e-06
6.267861863307189196e-06
6.740775916114216670e-06
6.358505288517335430e-06
5.820021215185988694e-06
5.528424026124412194e-06
6.194906291057122871e-06
6.671410119452048093e-06
6.401557584467809647e-06
5.676849013980245218e-06
5.426605184766231105e-06
5.679546120518352836e-06
5.902801149204606190e-06
5.690217221854254603e-06
5.433891601569484919e-06
5.396401320467703044e-06
5.626222900900756940e-06
5.836682248627766967e-06
5.732334102503955364e-06
5.622401658911257982e-06
5.289417458698153496e-06
5.339945801097201183e-06
5.244929525360930711e-06
5.297846655594184995e-06
5.341737050912342966e-06
5.261326350591843948e-06
5.312565008352976292e-06
5.178339506528573111e-06
5.400321242632344365e-06
5.361244348023319617e-06
5.246499313216190785e-06
5.267547294351970777e-06
5.355686425900785252e-06
5.270887868391582742e-06
5.350899300538003445e-06
6.254825620999326929e-06
8.750832421355880797e-06
1.241105292137945071e-05
1.511366372142219916e-05
1.306291869695996866e-05
7.811446266714483500e-06
5.485875135491369292e-06
7.903087862359825522e-06
1.054867516359081492e-05
9.898069038172252476e-06
6.893245881656184793e-06
5.463399702421156690e-06
6.426098480005748570e-06
8.032327968976460397e-06
8.042307854339014739e-06
6.222587671800283715e-06
5.163798505236627534e-06
5.870543191122123972e-06
6.537491117342142388e-06
6.552612376253819093e-06
5.806229637528304011e-06
5.249920832284260541e-06
5.214415523369098082e-06
5.409369350672932342e-06
5.600100848823785782e-06
5.326693099050316960e-06
5.277906893752515316e-06
5.235585831542266533e-06
5.354137556423665956e-06
5.698852874047588557e-06
5.757378858106676489e-06
5.799270184070337564e-06
5.741990207752678543e-06
5.528008387045701966e-06
5.353397227736422792e-06
5.322556717146653682e-06
5.450076059787534177e-06
5.287428393785376102e-06
5.163894002180313691e-06
5.243404757493408397e-06
5.202395641390467063e-06
5.259716999717056751e-06
5.293128651828737929e-06
5.211848019825993106e-06
5.090771537652472034e-06
5.212308224145090207e-06
5.231804607319645584e-06
5.158841304364614189e-06
5.183130269870162010e-06
5.059990144218318164e-06
5.147600859345402569e-06
5.021057859266875312e-06
5.089899786980822682e-06
5.246434284345014021e-06
5.217860689299413934e-06
5.182914719625841826e-06
5.175409569346811622e-06
5.174990292289294302e-06
5.118960871186573058e-06
5.179510480957105756e-06
5.198970029596239328e-06
5.079239599581342191e-06
5.103672265249770135e-06
5.103962394059635699e-06
5.195302946958690882e-06
5.174664238438708708e-06
5.026751750847324729e-06
5.155007329449290410e-06
5.060965577285969630e-06
5.123778464621864259e-06
5.105699528940021992e-06
5.088711077405605465e-06
5.025046448281500489e-06
5.118794433656148612e-06
5.146493094798643142e-06
5.258672899799421430e-06
5.144702754478203133e-06
5.057597263657953590e-06
5.008916559745557606e-06
5.221711944614071399e-06
5.231498562352498993e-06
5.310532742441864684e-06
5.248754860076587647e-06
5.113124188937945291e-06
5.017185230826726183e-06
4.942683062836294994e-06
5.066568064648890868e-06
5.157206487638177350e-06
5.239994152361759916e-06
5.113095085107488558e-06
5.153637630428420380e-06
5.005618277209578082e-06
5.045571015216410160e-06
4.997291853214846924e-06
5.059492650616448373e-06
5.068976861366536468e-06
4.916990292258560658e-06
5.007216259400593117e-06
4.960053956892807037e-06
5.026942744734697044e-06
5.086495093564735726e-06
5.098776455270126462e-06
5.057410362496739253e-06
5.001762929168762639e-06
5.038119525124784559e-06
5.025344307796331123e-06
5.018624960939632729e-06
5.014618636778322980e-06
4.958490990247810259e-06
5.063815933681325987e-06
5.034497007727622986e-06
5.028548912378028035e-06
5.077126843389123678e-06
5.212132236920297146e-06
5.146555849933065474e-06
5.251025413599563763e-06
5.255085397948278114e-06
5.332768068910809234e-06
5.310942015057662502e-06
5.228186182648641989e-06
5.191097443457692862e-06
5.168336883798474446e-06
5.158453404874308035e-06
5.350370429368922487e-06
5.416823569248663262e-06
5.371832685341360047e-06
5.755678557761712000e-06
6.120169018686283380e-06
6.380180366249987856e-06
6.872358426335267723e-06
7.508339876949321479e-06
8.577090738981496543e-06
9.906832019623834640e-06
1.242575490323361009e-05
1.416209306626114994e-05
1.757681457092985511e-05
1.846879604272544384e-05
2.056771336356177926e-05
1.846858867793343961e-05
