3.449942398071289062e+01
3.449907684326171875e+01
3.449745178222656250e+01
3.449430847167968750e+01
3.448688507080078125e+01
3.446906661987304688e+01
3.442865753173828125e+01
3.434766006469726562e+01
3.421644973754882812e+01
3.403275299072265625e+01
3.378529739379882812e+01
3.344623565673828125e+01
3.297710418701171875e+01
3.234599304199218750e+01
3.153271102905273438e+01
3.052363586425781250e+01
2.931939315795898438e+01
2.793045234680175781e+01
2.638702201843261719e+01
2.479005813598632812e+01
2.329937362670898438e+01
2.199941253662109375e+01
2.088073158264160156e+01
2.024031639099121094e+01
2.019892692565917969e+01
2.049371337890625000e+01
2.065510940551757812e+01
2.038488006591796875e+01
1.976680564880371094e+01
1.906211662292480469e+01
1.845896530151367188e+01
1.806543922424316406e+01
1.784964942932128906e+01
1.765577507019042969e+01
1.735524177551269531e+01
1.690969848632812500e+01
1.634333038330078125e+01
1.566709423065185547e+01
1.485853290557861328e+01
1.389999866485595703e+01
1.276949691772460938e+01
1.142642021179199219e+01
9.885567665100097656e+00
8.198691368103027344e+00
6.673788070678710938e+00
5.405209541320800781e+00
4.463068008422851562e+00
3.708704471588134766e+00
3.247679710388183594e+00
3.034268140792846680e+00
2.919307947158813477e+00
2.868707656860351562e+00
2.826130390167236328e+00
2.761264801025390625e+00
2.668445587158203125e+00
2.549408435821533203e+00
2.421665191650390625e+00
2.299011945724487305e+00
2.200232744216918945e+00
2.134952783584594727e+00
2.087719678878784180e+00
2.041782855987548828e+00
1.993663072586059570e+00
1.940699338912963867e+00
1.888078808784484863e+00
1.843504190444946289e+00
1.808453798294067383e+00
1.777428269386291504e+00
1.745790481567382812e+00
1.713162302970886230e+00
1.680333971977233887e+00
1.647881031036376953e+00
1.617352247238159180e+00
1.590350031852722168e+00
1.565580368041992188e+00
1.541019916534423828e+00
1.516427278518676758e+00
1.492181658744812012e+00
1.468115448951721191e+00
1.444043159484863281e+00
1.420284748077392578e+00
1.397062778472900391e+00
1.374122142791748047e+00
1.351525068283081055e+00
1.329647421836853027e+00
1.308338046073913574e+00
1.287387609481811523e+00
1.266931176185607910e+00
1.246959924697875977e+00
1.227222084999084473e+00
1.207864880561828613e+00
1.189111590385437012e+00
1.170655965805053711e+00
1.152563095092773438e+00
1.135004758834838867e+00
1.117531776428222656e+00
1.100139975547790527e+00
1.083346128463745117e+00
1.067139625549316406e+00
1.051253676414489746e+00
1.035828709602355957e+00
1.021309614181518555e+00
1.006953477859497070e+00
9.926306605339050293e-01
9.786573648452758789e-01
9.650253057479858398e-01
9.515103697776794434e-01
9.383765459060668945e-01
9.254493713378906250e-01
9.126173257827758789e-01
9.001597166061401367e-01
8.879173994064331055e-01
8.758946061134338379e-01
8.641155362129211426e-01
8.524111509323120117e-01
8.408406972885131836e-01
8.295027017593383789e-01
8.182922005653381348e-01
8.073335886001586914e-01
7.965187430381774902e-01
7.860491275787353516e-01
7.763069272041320801e-01
7.683464288711547852e-01
7.662587165832519531e-01
7.653385400772094727e-01
7.711660861968994141e-01
7.334299683570861816e-01
7.197458744049072266e-01
7.277011275291442871e-01
7.073289155960083008e-01
6.900688409805297852e-01
6.888488531112670898e-01
6.801891922950744629e-01
6.653197407722473145e-01
6.560815572738647461e-01
6.523927450180053711e-01
6.443161368370056152e-01
6.302966475486755371e-01
6.226540207862854004e-01
6.188818216323852539e-01
6.093897223472595215e-01
5.978456139564514160e-01
5.882369875907897949e-01
5.820638537406921387e-01
5.769011974334716797e-01
5.688359141349792480e-01
5.597705841064453125e-01
5.491995215415954590e-01
5.398277044296264648e-01
5.319233536720275879e-01
5.252416729927062988e-01
5.199941396713256836e-01
5.162313580513000488e-01
5.186619758605957031e-01
5.184026360511779785e-01
5.282468795776367188e-01
4.993787407875061035e-01
4.750078320503234863e-01
4.656001925468444824e-01
4.702147841453552246e-01
4.718549847602844238e-01
4.493083953857421875e-01
4.354320168495178223e-01
4.359987974166870117e-01
4.339525997638702393e-01
4.248908162117004395e-01
4.089056849479675293e-01
4.023903608322143555e-01
4.029881656169891357e-01
3.977592587471008301e-01
3.885966539382934570e-01
3.762546777725219727e-01
3.684313297271728516e-01
3.651387095451354980e-01
3.632054924964904785e-01
3.631158173084259033e-01
3.583584427833557129e-01
3.542642295360565186e-01
3.422261476516723633e-01
3.312797844409942627e-01
3.216055035591125488e-01
3.154457211494445801e-01
3.117106556892395020e-01
3.094099462032318115e-01
3.101353049278259277e-01
3.122650682926177979e-01
3.253633975982666016e-01
3.233064413070678711e-01
3.247792124748229980e-01
2.876304090023040771e-01
2.705791294574737549e-01
2.799898982048034668e-01
2.814282178878784180e-01
2.698140144348144531e-01
2.535510957241058350e-01
2.549254596233367920e-01
2.599351406097412109e-01
2.466635257005691528e-01
2.367099076509475708e-01
2.382175028324127197e-01
2.363669723272323608e-01
2.267071604728698730e-01
2.200474441051483154e-01
2.217795848846435547e-01
2.193489074707031250e-01
2.095053493976593018e-01
2.057617306709289551e-01
2.065702080726623535e-01
2.018534541130065918e-01
1.949605196714401245e-01
1.918088495731353760e-01
1.909999251365661621e-01
1.882777363061904907e-01
1.831939816474914551e-01
1.803660094738006592e-01
1.812469661235809326e-01
1.885270327329635620e-01
2.091595530509948730e-01
2.598491907119750977e-01
2.685195803642272949e-01
2.502509057521820068e-01
1.756391227245330811e-01
2.096675485372543335e-01
2.201177626848220825e-01
1.698650568723678589e-01
2.022758275270462036e-01
1.844536662101745605e-01
1.699161082506179810e-01
1.842667609453201294e-01
1.642737388610839844e-01
1.659725606441497803e-01
1.626119464635848999e-01
1.538526415824890137e-01
1.552889347076416016e-01
1.463772505521774292e-01
1.488468497991561890e-01
1.424233466386795044e-01
1.402308046817779541e-01
1.393399834632873535e-01
1.325578987598419189e-01
1.343167126178741455e-01
1.288934350013732910e-01
1.277693063020706177e-01
1.271707117557525635e-01
1.212406232953071594e-01
1.241309642791748047e-01
1.172387972474098206e-01
1.188225075602531433e-01
1.155722141265869141e-01
1.128824576735496521e-01
1.138000190258026123e-01
1.087030693888664246e-01
1.100818142294883728e-01
1.066527143120765686e-01
1.055986285209655762e-01
1.045658960938453674e-01
1.022204533219337463e-01
1.015989631414413452e-01
9.949667006731033325e-02
9.867353737354278564e-02
9.712196141481399536e-02
9.552085399627685547e-02
9.504645317792892456e-02
9.295092523097991943e-02
9.207471460103988647e-02
9.128719568252563477e-02
8.942469954490661621e-02
8.867600560188293457e-02
8.765949308872222900e-02
8.632172644138336182e-02
8.535738289356231689e-02
8.431003987789154053e-02
8.325910568237304688e-02
8.230348676443099976e-02
8.138758689165115356e-02
8.026759326457977295e-02
7.936374098062515259e-02
7.876232266426086426e-02
7.794011384248733521e-02
7.743474096059799194e-02
7.795681804418563843e-02
7.986772805452346802e-02
8.390589803457260132e-02
9.054335206747055054e-02
9.295837581157684326e-02
9.030402451753616333e-02
8.159914612770080566e-02
7.897100597620010376e-02
8.133593201637268066e-02
8.169502019882202148e-02
7.390929758548736572e-02
6.878364086151123047e-02
7.242168486118316650e-02
7.552800327539443970e-02
7.180870324373245239e-02
6.766121834516525269e-02
6.907076388597488403e-02
6.947980076074600220e-02
6.588526070117950439e-02
6.388676166534423828e-02
6.557720899581909180e-02
6.587672978639602661e-02
6.341005861759185791e-02
6.281606107950210571e-02
6.335717439651489258e-02
6.204716861248016357e-02
6.018560752272605896e-02
6.006645411252975464e-02
6.034887954592704773e-02
5.942041799426078796e-02
5.829060450196266174e-02
5.825370177626609802e-02
5.852098017930984497e-02
5.802309140563011169e-02
5.760112404823303223e-02
5.832095071673393250e-02
6.064580008387565613e-02
6.457841396331787109e-02
7.325144112110137939e-02
8.565012365579605103e-02
1.050217226147651672e-01
1.003621742129325867e-01
8.005824685096740723e-02
5.732727423310279846e-02
6.589503586292266846e-02
8.031068742275238037e-02
6.507512181997299194e-02
5.335917323827743530e-02
6.346954405307769775e-02
6.498684734106063843e-02
5.437380075454711914e-02
5.456832423806190491e-02
6.012920662760734558e-02
5.525592714548110962e-02
5.107581242918968201e-02
5.545627698302268982e-02
5.507137253880500793e-02
5.014603212475776672e-02
5.164720118045806885e-02
5.323317274451255798e-02
4.967510700225830078e-02
4.903122782707214355e-02
5.093587562441825867e-02
4.928144812583923340e-02
4.751793295145034790e-02
4.850014671683311462e-02
4.835569113492965698e-02
4.664508998394012451e-02
4.635047912597656250e-02
4.695671424269676208e-02
4.625248163938522339e-02
4.514847695827484131e-02
4.528823122382164001e-02
4.552720114588737488e-02
4.475840926170349121e-02
4.412847757339477539e-02
4.437808692455291748e-02
4.465841501951217651e-02
4.452189430594444275e-02
4.468940198421478271e-02
4.611734300851821899e-02
4.834639281034469604e-02
5.098472163081169128e-02
5.290741473436355591e-02
5.473665520548820496e-02
5.265314504504203796e-02
4.850714653730392456e-02
4.344249144196510315e-02
4.192533716559410095e-02
4.400977492332458496e-02
4.590700939297676086e-02
4.536549374461174011e-02
4.249306395649909973e-02
4.057081416249275208e-02
4.083939269185066223e-02
4.213997349143028259e-02
4.269190505146980286e-02
4.145256057381629944e-02
3.965033590793609619e-02
3.869844973087310791e-02
3.906613215804100037e-02
3.985033556818962097e-02
3.990954533219337463e-02
3.916652500629425049e-02
3.817906603217124939e-02
3.759894892573356628e-02
3.750414773821830750e-02
3.763473033905029297e-02
3.775537386536598206e-02
3.768198192119598389e-02
3.745456784963607788e-02
3.710990399122238159e-02
3.679287061095237732e-02
3.661738336086273193e-02
3.665905818343162537e-02
3.707361966371536255e-02
3.796717151999473572e-02
3.967184573411941528e-02
4.210724309086799622e-02
4.566557332873344421e-02
4.863963276147842407e-02
4.896191135048866272e-02
4.290755838155746460e-02
3.722047433257102966e-02
3.673424944281578064e-02
4.062090069055557251e-02
4.293217137455940247e-02
3.959222882986068726e-02
3.493464738130569458e-02
3.403662517666816711e-02
3.645568341016769409e-02
3.760750591754913330e-02
3.532901033759117126e-02
3.306046873331069946e-02
3.340633958578109741e-02
3.490817919373512268e-02
3.491900116205215454e-02
3.335081040859222412e-02
3.260441869497299194e-02
3.340677917003631592e-02
3.427576646208763123e-02
3.396606445312500000e-02
3.317099064588546753e-02
3.320870175957679749e-02
3.431038931012153625e-02
3.541528433561325073e-02
3.638292476534843445e-02
3.748905658721923828e-02
3.989429399371147156e-02
4.252040386199951172e-02
4.459391534328460693e-02
4.364214837551116943e-02
4.084281623363494873e-02
3.660211712121963501e-02
3.344187512993812561e-02
3.193541616201400757e-02
3.231637552380561829e-02
3.364185616374015808e-02
3.424455970525741577e-02
3.340279310941696167e-02
3.142784163355827332e-02
3.023843839764595032e-02
3.063981980085372925e-02
3.180424496531486511e-02
3.218731284141540527e-02
3.112367168068885803e-02
2.956192940473556519e-02
2.866858057677745819e-02
2.875148504972457886e-02
2.924270741641521454e-02
2.948768064379692078e-02
2.934043854475021362e-02
2.894585765898227692e-02
2.853157371282577515e-02
2.822822146117687225e-02
2.810333855450153351e-02
2.821177616715431213e-02
2.848263271152973175e-02
2.885165996849536896e-02
2.925388514995574951e-02
2.991795353591442108e-02
3.113358467817306519e-02
3.361030668020248413e-02
3.768060728907585144e-02
4.470844939351081848e-02
5.294555798172950745e-02
6.196511164307594299e-02
6.071330979466438293e-02
5.007022619247436523e-02
3.372139483690261841e-02
2.934664115309715271e-02
3.707774728536605835e-02
4.101882874965667725e-02
3.488120064139366150e-02
2.827630750834941864e-02
3.085075132548809052e-02
3.508160263299942017e-02
3.169846162199974060e-02
2.692963182926177979e-02
2.845674008131027222e-02
3.169117867946624756e-02
2.972559630870819092e-02
2.598112449049949646e-02
2.679719030857086182e-02
2.930802665650844574e-02
2.812490239739418030e-02
2.550479955971240997e-02
2.581016533076763153e-02
2.743876911699771881e-02
2.681640721857547760e-02
2.505606040358543396e-02
2.516791224479675293e-02
2.629434689879417419e-02
2.592437528073787689e-02
2.461704611778259277e-02
2.439471334218978882e-02
2.513054758310317993e-02
2.519901283085346222e-02
2.436016313731670380e-02
2.385855466127395630e-02
2.418153733015060425e-02
2.439839020371437073e-02
2.391991019248962402e-02
2.350429631769657135e-02
2.365883253514766693e-02
2.381871268153190613e-02
2.353351935744285583e-02
2.317341789603233337e-02
2.316564694046974182e-02
2.330466546118259430e-02
2.319938689470291138e-02
2.290618605911731720e-02
2.275614440441131592e-02
2.281331643462181091e-02
2.282696962356567383e-02
2.265826612710952759e-02
2.245488204061985016e-02
2.238425426185131073e-02
2.240098640322685242e-02
2.235779166221618652e-02
2.221504785120487213e-02
2.207054197788238525e-02
2.201006561517715454e-02
2.201536111533641815e-02
2.202815003693103790e-02
2.204278111457824707e-02
2.216223999857902527e-02
2.256597578525543213e-02
2.352247200906276703e-02
2.553401514887809753e-02
2.967502921819686890e-02
3.763860836625099182e-02
5.128407850861549377e-02
6.749637424945831299e-02
7.525025308132171631e-02
5.743787810206413269e-02
3.163718432188034058e-02
3.087628260254859924e-02
4.544521495699882507e-02
3.824287280440330505e-02
2.377129532396793365e-02
3.176901116967201233e-02
3.661279752850532532e-02
2.479432523250579834e-02
2.542703785002231598e-02
3.202445060014724731e-02
2.481809444725513458e-02
2.311884425580501556e-02
2.864061482250690460e-02
2.399902045726776123e-02
2.178908511996269226e-02
2.631859108805656433e-02
2.341540157794952393e-02
2.112190052866935730e-02
2.432976290583610535e-02
2.258687093853950500e-02
2.094251848757266998e-02
2.312902919948101044e-02
2.168160304427146912e-02
2.046222425997257233e-02
2.223867736756801605e-02
2.124815061688423157e-02
2.008694596588611603e-02
2.130747213959693909e-02
2.081125415861606598e-02
1.987035945057868958e-02
2.068532630801200867e-02
2.045503631234169006e-02
1.961486414074897766e-02
2.011427097022533417e-02
2.013195678591728210e-02
1.943263038992881775e-02
1.966486126184463501e-02
1.982729882001876831e-02
1.926885731518268585e-02
1.925432682037353516e-02
1.949165575206279755e-02
1.915262266993522644e-02
1.897367089986801147e-02
1.915890350937843323e-02
1.900484785437583923e-02
1.875508762896060944e-02
1.883854158222675323e-02
1.882665790617465973e-02
1.859461888670921326e-02
1.855229027569293976e-02
1.860765740275382996e-02
1.847715675830841064e-02
1.834576576948165894e-02
1.836012676358222961e-02
1.832692883908748627e-02
1.820982247591018677e-02
1.818599924445152283e-02
1.826082728803157806e-02
1.835356280207633972e-02
1.862092316150665283e-02
1.936892047524452209e-02
2.109083905816078186e-02
2.475382760167121887e-02
3.302422165870666504e-02
4.840869456529617310e-02
6.995684653520584106e-02
7.212772220373153687e-02
5.101858451962471008e-02
2.413210645318031311e-02
2.801802754402160645e-02
4.284433275461196899e-02
3.216539695858955383e-02
2.198588848114013672e-02
3.111220151185989380e-02
2.982367016375064850e-02
2.029755525290966034e-02
2.508257515728473663e-02
2.736016176640987396e-02
1.956844143569469452e-02
2.137163467705249786e-02
2.500148303806781769e-02
1.948921754956245422e-02
1.943509653210639954e-02
2.278556860983371735e-02
1.917877607047557831e-02
1.843529380857944489e-02
2.117845974862575531e-02
1.880995556712150574e-02
1.772942021489143372e-02
1.985183916985988617e-02
1.843145862221717834e-02
1.739532127976417542e-02
1.885237172245979309e-02
1.799408905208110809e-02
1.716677658259868622e-02
1.814422383904457092e-02
1.757372170686721802e-02
1.687104813754558563e-02
1.761262677609920502e-02
1.731070689857006073e-02
1.661731302738189697e-02
1.709807105362415314e-02
1.706983707845211029e-02
1.648781076073646545e-02
1.669681631028652191e-02
1.677557080984115601e-02
1.634840480983257294e-02
1.641712710261344910e-02
1.653453335165977478e-02
1.618966460227966309e-02
1.613242551684379578e-02
1.630313880741596222e-02
1.610983908176422119e-02
1.593586802482604980e-02
1.602418720722198486e-02
1.596228219568729401e-02
1.579164154827594757e-02
1.580906100571155548e-02
1.581491902470588684e-02
1.566920615732669830e-02
1.561225764453411102e-02
1.564160361886024475e-02
1.556002162396907806e-02
1.545662619173526764e-02
1.545954030007123947e-02
1.544666476547718048e-02
1.535217650234699249e-02
1.529346965253353119e-02
1.528672315180301666e-02
1.523352321237325668e-02
1.515739411115646362e-02
1.513354200869798660e-02
1.511825993657112122e-02
1.505814865231513977e-02
1.499752048403024673e-02
1.496950536966323853e-02
1.493699103593826294e-02
1.488194707781076431e-02
1.483627036213874817e-02
1.480951625853776932e-02
1.477269828319549561e-02
1.472215726971626282e-02
1.468194555491209030e-02
1.465510576963424683e-02
1.462423615157604218e-02
1.459122449159622192e-02
1.457170024514198303e-02
1.457611657679080963e-02
1.461040042340755463e-02
1.470054313540458679e-02
1.490193419158458710e-02
1.532263588160276413e-02
1.614114828407764435e-02
1.775747723877429962e-02
2.081880718469619751e-02
2.659148722887039185e-02
3.599701821804046631e-02
4.982980340719223022e-02
6.047721207141876221e-02
5.876022204756736755e-02
3.692181035876274109e-02
1.911568269133567810e-02
2.436576411128044128e-02
3.514232113957405090e-02
2.791154757142066956e-02
1.622580364346504211e-02
2.206877619028091431e-02
2.628273516893386841e-02
1.815322414040565491e-02
1.766566187143325806e-02
2.186090871691703796e-02
1.816630549728870392e-02
1.654002256691455841e-02
1.896791532635688782e-02
1.739089377224445343e-02
1.610326208174228668e-02
1.701162941753864288e-02
1.619276218116283417e-02
1.583190076053142548e-02
1.614703610539436340e-02
1.515351328998804092e-02
1.515793427824974060e-02
1.562662981450557709e-02
1.468743104487657547e-02
1.457345299422740936e-02
1.504821237176656723e-02
1.433941535651683807e-02
1.415378786623477936e-02
1.457768678665161133e-02
1.407878845930099487e-02
1.386957056820392609e-02
1.419690623879432678e-02
1.380544621497392654e-02
1.360834483057260513e-02
1.396283321082592010e-02
1.367779634892940521e-02
1.334256865084171295e-02
1.363488100469112396e-02
1.356004457920789719e-02
1.318666897714138031e-02
1.333803497254848480e-02
1.343966089189052582e-02
1.313094049692153931e-02
1.307941414415836334e-02
1.322128809988498688e-02
1.308942958712577820e-02
1.295689865946769714e-02
1.301263831555843353e-02
1.298017520457506180e-02
1.287666615098714828e-02
1.286542415618896484e-02
1.284094806760549545e-02
1.276673562824726105e-02
1.274785026907920837e-02
1.273465156555175781e-02
1.266450248658657074e-02
1.262499205768108368e-02
1.262692548334598541e-02
1.258044689893722534e-02
1.251644641160964966e-02
1.250554434955120087e-02
1.249253749847412109e-02
1.243550889194011688e-02
1.239641010761260986e-02
1.238951366394758224e-02
1.235868968069553375e-02
1.230971608310937881e-02
1.228403393179178238e-02
1.226648781448602676e-02
1.223001163452863693e-02
1.219227723777294159e-02
1.216963957995176315e-02
1.214600820094347000e-02
1.211229525506496429e-02
1.208219211548566818e-02
1.205937378108501434e-02
1.203138194978237152e-02
1.200232468545436859e-02
1.198555808514356613e-02
1.198044139891862869e-02
1.198745518922805786e-02
1.202623080462217331e-02
1.213494874536991119e-02
1.235878840088844299e-02
1.278748270124197006e-02
1.360711362212896347e-02
1.522556040436029434e-02
1.823990978300571442e-02
2.392038516700267792e-02
3.298109024763107300e-02
4.605644196271896362e-02
5.506386980414390564e-02
5.139392614364624023e-02
2.938153967261314392e-02
1.363667286932468414e-02
2.125016972422599792e-02
3.146925568580627441e-02
2.377874404191970825e-02
1.333481632173061371e-02
1.867917552590370178e-02
2.437234856188297272e-02
1.698993332684040070e-02
1.288595236837863922e-02
1.855023391544818878e-02
1.869349554181098938e-02
1.279525831341743469e-02
1.421695761382579803e-02
1.709296554327011108e-02
1.338492520153522491e-02
1.252351328730583191e-02
1.533599570393562317e-02
1.359955128282308578e-02
1.182828471064567566e-02
1.385671179741621017e-02
1.346212718635797501e-02
1.160901878029108047e-02
1.276895590126514435e-02
1.316207926720380783e-02
1.160090975463390350e-02
1.196609809994697571e-02
1.270760130137205124e-02
1.165978517383337021e-02
1.144351530820131302e-02
1.219351496547460556e-02
1.170468423515558243e-02
1.117256283760070801e-02
1.166552677750587463e-02
1.165052503347396851e-02
1.110597513616085052e-02
1.123957708477973938e-02
1.147034484893083572e-02
1.113025378435850143e-02
1.098696049302816391e-02
1.121346093714237213e-02
1.111482828855514526e-02
1.087433006614446640e-02
1.096734125167131424e-02
1.103232149034738541e-02
1.084107626229524612e-02
1.078024785965681076e-02
1.088215969502925873e-02
1.081986725330352783e-02
1.068735122680664062e-02
1.071584969758987427e-02
1.075233984738588333e-02
1.065475214272737503e-02
1.058809645473957062e-02
1.062369626015424728e-02
1.060714572668075562e-02
1.052455976605415344e-02
1.050199009478092194e-02
1.052106544375419617e-02
1.048430986702442169e-02
1.042320951819419861e-02
1.040901429951190948e-02
1.040858309715986252e-02
1.037108618766069412e-02
1.033066585659980774e-02
1.032155379652976990e-02
1.031208597123622894e-02
1.027689594775438309e-02
1.024141535162925720e-02
1.022732816636562347e-02
1.021459698677062988e-02
1.018510572612285614e-02
1.015614718198776245e-02
1.014122739434242249e-02
1.012529339641332626e-02
1.009725686162710190e-02
1.006894931197166443e-02
1.005049422383308411e-02
1.003386918455362320e-02
1.001031976193189621e-02
9.985426440834999084e-03
9.965893812477588654e-03
9.948210790753364563e-03
9.927194565534591675e-03
9.903512895107269287e-03
9.882457554340362549e-03
9.863620623946189880e-03
9.843470528721809387e-03
9.821482002735137939e-03
9.800578467547893524e-03
9.781418368220329285e-03
9.762901812791824341e-03
9.743607603013515472e-03
9.724538773298263550e-03
9.708170779049396515e-03
9.695833548903465271e-03
9.690755046904087067e-03
9.697813540697097778e-03
9.730121120810508728e-03
9.806025773286819458e-03
9.950080886483192444e-03
1.020284183323383331e-02
1.064164936542510986e-02
1.139178313314914703e-02
1.269697025418281555e-02
1.497474592179059982e-02
1.888255774974822998e-02
2.508315816521644592e-02
3.393169865012168884e-02
4.319079220294952393e-02
4.712719097733497620e-02
3.810619935393333435e-02
1.860076561570167542e-02
1.053762994706630707e-02
2.132484316825866699e-02
2.668939530849456787e-02
1.604257896542549133e-02
1.014634687453508377e-02
1.746308803558349609e-02
1.983601041138172150e-02
1.228614524006843567e-02
1.053513213992118835e-02
1.585393026471138000e-02
1.513443142175674438e-02
1.022882107645273209e-02
1.132856402546167374e-02
1.421419158577919006e-02
1.186857931315898895e-02
9.710545651614665985e-03
1.171321794390678406e-02
1.225220598280429840e-02
1.005620136857032776e-02
1.000542193651199341e-02
1.141802500933408737e-02
1.065012812614440918e-02
9.510775096714496613e-03
1.022704876959323883e-02
1.061769574880599976e-02
9.692816063761711121e-03
9.479540400207042694e-03
1.009853649884462357e-02
9.907960891723632812e-03
9.310895577073097229e-03
9.491374716162681580e-03
9.761222638189792633e-03
9.394420310854911804e-03
9.150829166173934937e-03
9.403454139828681946e-03
9.446244686841964722e-03
9.129628539085388184e-03
9.063375182449817657e-03
9.249539114534854889e-03
9.192707948386669159e-03
8.969196118414402008e-03
8.974974043667316437e-03
9.098768234252929688e-03
9.017924778163433075e-03
8.856457658112049103e-03
8.874355815351009369e-03
8.960457518696784973e-03
8.896352723240852356e-03
8.771908469498157501e-03
8.774650283157825470e-03
8.832302875816822052e-03
8.789740502834320068e-03
8.699082769453525543e-03
8.686451241374015808e-03
8.721943944692611694e-03
8.702468127012252808e-03
8.638738654553890228e-03
8.613152429461479187e-03
8.627546019852161407e-03
8.620054461061954498e-03
8.576863445341587067e-03
8.548988029360771179e-03
8.556777611374855042e-03
8.570604026317596436e-03
8.569762110710144043e-03
8.579450659453868866e-03
8.628324605524539948e-03
8.721260353922843933e-03
8.864980190992355347e-03
9.109914302825927734e-03
9.532011114060878754e-03
1.026413775980472565e-02
1.145018916577100754e-02
1.346342638134956360e-02
1.648007147014141083e-02
2.087217010557651520e-02
2.536087669432163239e-02
2.867261320352554321e-02
2.648174203932285309e-02
1.944833621382713318e-02
1.136576756834983826e-02
8.953453972935676575e-03
1.256477367132902145e-02
1.607782952487468719e-02
1.483012363314628601e-02
1.068473327904939651e-02
9.075886569917201996e-03
1.087880507111549377e-02
1.220716815441846848e-02
1.101562101393938065e-02
9.404254145920276642e-03
9.504375979304313660e-03
1.022542081773281097e-02
9.878772310912609100e-03
9.065479971468448639e-03
9.074354544281959534e-03
9.531141258776187897e-03
9.300595149397850037e-03
8.615286089479923248e-03
8.501222357153892517e-03
8.890146389603614807e-03
8.812711574137210846e-03
8.294597268104553223e-03
8.225765079259872437e-03
8.569242432713508606e-03
8.551475591957569122e-03
8.171981200575828552e-03
8.066018112003803253e-03
8.276242762804031372e-03
8.308276534080505371e-03
8.093582466244697571e-03
7.989213801920413971e-03
8.079163730144500732e-03
8.120214566588401794e-03
8.020436391234397888e-03
7.940024137496948242e-03
7.948937825858592987e-03
7.952002808451652527e-03
7.909041829407215118e-03
7.878791540861129761e-03
7.878780364990234375e-03
7.858664728701114655e-03
7.803488522768020630e-03
7.771233096718788147e-03
7.782249711453914642e-03
7.788687944412231445e-03
7.763536646962165833e-03
7.729527074843645096e-03
7.714716251939535141e-03
7.706939242780208588e-03
7.688124198466539383e-03
7.665427401661872864e-03
7.655588444322347641e-03
7.652822416275739670e-03
7.638528943061828613e-03
7.611331995576620102e-03
7.587056607007980347e-03
7.574178278446197510e-03
7.564265280961990356e-03
7.546996232122182846e-03
7.523974403738975525e-03
7.504978217184543610e-03
7.493407465517520905e-03
7.483602501451969147e-03
7.469043135643005371e-03
7.450785487890243530e-03
7.434984203428030014e-03
7.423924282193183899e-03
7.414017338305711746e-03
7.401247043162584305e-03
7.387425750494003296e-03
7.375863380730152130e-03
7.368436083197593689e-03
7.362580392509698868e-03
7.355920039117336273e-03
7.346621714532375336e-03
7.337815593928098679e-03
7.332228589802980423e-03
7.334580644965171814e-03
7.347838487476110458e-03
7.379317656159400940e-03
7.443888578563928604e-03
7.574099116027355194e-03
7.819684222340583801e-03
8.270432241261005402e-03
9.094480425119400024e-03
1.059181336313486099e-02
1.322300918400287628e-02
1.757635734975337982e-02
2.396789751946926117e-02
3.129293397068977356e-02
3.556157276034355164e-02
3.150582313537597656e-02
1.982370391488075256e-02
1.090823113918304443e-02
1.287793740630149841e-02
1.906916871666908264e-02
1.763266511261463165e-02
1.019224338233470917e-02
8.247264660894870758e-03
1.273870840668678284e-02
1.375220622867345810e-02
9.734532795846462250e-03
8.675062097609043121e-03
1.120881456881761551e-02
1.081921719014644623e-02
8.062429726123809814e-03
8.291172794997692108e-03
9.904238395392894745e-03
8.934405632317066193e-03
7.640207652002573013e-03
8.615485392510890961e-03
9.200043976306915283e-03
7.869623601436614990e-03
7.313679903745651245e-03
8.220611140131950378e-03
8.204316720366477966e-03
7.243958301842212677e-03
7.312333676964044571e-03
7.899835705757141113e-03
7.473554462194442749e-03
7.035076618194580078e-03
7.398862391710281372e-03
7.448468357324600220e-03
7.030552718788385391e-03
7.096068002283573151e-03
7.362333126366138458e-03
7.154149934649467468e-03
6.944070570170879364e-03
7.092414423823356628e-03
7.104201242327690125e-03
6.892647594213485718e-03
6.883691530674695969e-03
6.999482400715351105e-03
6.926417350769042969e-03
6.827938370406627655e-03
6.895063444972038269e-03
6.919601932168006897e-03
6.805368699133396149e-03
6.760262884199619293e-03
6.811467930674552917e-03
6.789886392652988434e-03
6.719058379530906677e-03
6.730085238814353943e-03
6.773443426936864853e-03
6.743335165083408356e-03
6.695508956909179688e-03
6.701081991195678711e-03
6.708988454192876816e-03
6.673485040664672852e-03
6.640510633587837219e-03
6.639366038143634796e-03
6.630455609411001205e-03
6.598172709345817566e-03
6.576686631888151169e-03
6.576648447662591934e-03
6.569036748260259628e-03
6.547896657139062881e-03
6.537820212543010712e-03
6.539808586239814758e-03
6.532093975692987442e-03
6.512013264000415802e-03
6.499663460999727249e-03
6.498654372990131378e-03
6.494190078228712082e-03
6.484885234385728836e-03
6.484324112534523010e-03
6.501126103103160858e-03
6.534803658723831177e-03
6.595232523977756500e-03
6.711422000080347061e-03
6.925420835614204407e-03
7.310979068279266357e-03
7.997999899089336395e-03
9.215388447046279907e-03
1.133761554956436157e-02
1.505250111222267151e-02
2.109016850590705872e-02
2.999562397599220276e-02
3.964853659272193909e-02
4.473802447319030762e-02
3.650038316845893860e-02
1.835794746875762939e-02
7.394699845463037491e-03
1.389389298856258392e-02
2.281381003558635712e-02
1.796719431877136230e-02
8.306563831865787506e-03
9.284928441047668457e-03
1.578683778643608093e-02
1.429295726120471954e-02
7.902479730546474457e-03
8.164644241333007812e-03
1.248355489224195480e-02
1.139944326132535934e-02
7.284559775143861771e-03
7.746487855911254883e-03
1.044305320829153061e-02
9.316649287939071655e-03
6.736047565937042236e-03
7.495685480535030365e-03
9.126225486397743225e-03
7.991764694452285767e-03
6.501094438135623932e-03
7.280753459781408310e-03
8.142945356667041779e-03
7.212208583950996399e-03
6.414702162146568298e-03
7.066392339766025543e-03
7.496431935578584671e-03
6.791744381189346313e-03
6.339685991406440735e-03
6.797263864427804947e-03
7.070609368383884430e-03
6.610925775021314621e-03
6.265187170356512070e-03
6.530434824526309967e-03
6.765798665583133698e-03
6.510376930236816406e-03
6.214219611138105392e-03
6.325902417302131653e-03
6.482940167188644409e-03
6.323928013443946838e-03
6.156669929623603821e-03
6.238233298063278198e-03
6.315121427178382874e-03
6.204187870025634766e-03
6.107853259891271591e-03
6.157251074910163879e-03
6.196749396622180939e-03
6.126059219241142273e-03
6.061981432139873505e-03
6.096460390836000443e-03
6.132772192358970642e-03
6.080010440200567245e-03
6.017028819769620895e-03
6.025387905538082123e-03
6.048998329788446426e-03
6.021234206855297089e-03
5.975633393973112106e-03
5.971839651465415955e-03
5.988594144582748413e-03
5.976549349725246429e-03
5.943178664892911911e-03
5.925814621150493622e-03
5.929334089159965515e-03
5.924930796027183533e-03
5.904385820031166077e-03
5.888380575925111771e-03
5.885427817702293396e-03
5.881647579371929169e-03
5.868026986718177795e-03
5.852403584867715836e-03
5.842722486704587936e-03
5.837562493979930878e-03
5.830303765833377838e-03
5.818559788167476654e-03
5.806027911603450775e-03
5.797239486128091812e-03
5.791200790554285049e-03
5.782743915915489197e-03
5.771806463599205017e-03
5.762474145740270615e-03
5.755702964961528778e-03
5.748399533331394196e-03
5.739826709032058716e-03
5.730183795094490051e-03
5.720357410609722137e-03
5.712246987968683243e-03
5.705839954316616058e-03
5.698831286281347275e-03
5.689819343388080597e-03
5.680215079337358475e-03
5.672319326549768448e-03
5.665997043251991272e-03
5.660168826580047607e-03
5.652716383337974548e-03
5.643994547426700592e-03
5.634521599858999252e-03
5.625270772725343704e-03
5.616327747702598572e-03
5.608030594885349274e-03
5.600177682936191559e-03
5.592454224824905396e-03
5.584653466939926147e-03
5.576798226684331894e-03
5.569032393395900726e-03
5.561240017414093018e-03
5.553725175559520721e-03
5.547006614506244659e-03
5.540950223803520203e-03
5.535137373954057693e-03
5.529946647584438324e-03
5.526045802980661392e-03
5.523758009076118469e-03
5.524204112589359283e-03
5.528427660465240479e-03
5.538034718483686447e-03
5.557878874242305756e-03
5.596838425844907761e-03
5.669005680829286575e-03
5.799767095595598221e-03
6.028126925230026245e-03
6.427691318094730377e-03
7.111959159374237061e-03
8.300927467644214630e-03
1.026411261409521103e-02
1.346921548247337341e-02
1.799818687140941620e-02
2.373787201941013336e-02
2.795283682644367218e-02
2.754400297999382019e-02
1.986740157008171082e-02
1.009462680667638779e-02
6.406842265278100967e-03
1.030123420059680939e-02
1.441454980522394180e-02
1.233399473130702972e-02
7.396040949970483780e-03
6.581846158951520920e-03
9.403363801538944244e-03
9.292056784033775330e-03
6.350745446979999542e-03
6.280105561017990112e-03
8.385651744902133942e-03
7.814828306436538696e-03
5.723399110138416290e-03
6.060235667973756790e-03
7.455901242792606354e-03
6.803931202739477158e-03
5.537398159503936768e-03
5.979996640235185623e-03
6.683586630970239639e-03
6.065229419618844986e-03
5.500876810401678085e-03
5.942780524492263794e-03
6.143866106867790222e-03
5.607403814792633057e-03
5.440525710582733154e-03
5.834872368723154068e-03
5.824854597449302673e-03
5.402883514761924744e-03
5.374595057219266891e-03
5.652558989822864532e-03
5.592221394181251526e-03
5.321619100868701935e-03
5.337667185813188553e-03
5.493532866239547729e-03
5.419218447059392929e-03
5.267343483865261078e-03
5.304700694978237152e-03
5.386321805417537689e-03
5.308807827532291412e-03
5.207348614931106567e-03
5.243417806923389435e-03
5.303606390953063965e-03
5.252731963992118835e-03
5.174612626433372498e-03
5.186500493437051773e-03
5.226877517998218536e-03
5.197737831622362137e-03
5.143714603036642075e-03
5.145078524947166443e-03
5.169776733964681625e-03
5.152389872819185257e-03
5.112631712108850479e-03
5.104565061628818512e-03
5.121106281876564026e-03
5.117556080222129822e-03
5.091119557619094849e-03
5.078039132058620453e-03
5.086763761937618256e-03
5.088135600090026855e-03
5.068143364042043686e-03
5.047039594501256943e-03
5.042012780904769897e-03
5.042267031967639923e-03
5.032466724514961243e-03
5.018072202801704407e-03
5.012532696127891541e-03
5.015280097723007202e-03
5.013596266508102417e-03
5.002632271498441696e-03
4.991723224520683289e-03
4.987177439033985138e-03
4.985072650015354156e-03
4.978947341442108154e-03
4.969649016857147217e-03
4.962165374308824539e-03
4.958854988217353821e-03
4.956366028636693954e-03
4.950899630784988403e-03
4.944109823554754257e-03
4.941164515912532806e-03
4.944244399666786194e-03
4.953403957188129425e-03
4.970014560967683792e-03
4.995806608349084854e-03
5.034922622144222260e-03
5.103897769004106522e-03
5.234033335000276566e-03
5.461866967380046844e-03
5.847288295626640320e-03
6.514149717986583710e-03
7.653325330466032028e-03
9.567551314830780029e-03
1.270740479230880737e-02
1.756120845675468445e-02
2.418097853660583496e-02
3.145453706383705139e-02
3.555890917778015137e-02
3.140689432621002197e-02
1.850517094135284424e-02
7.023632060736417770e-03
7.201703730970621109e-03
1.506113540381193161e-02
1.764889620244503021e-02
1.115175802260637283e-02
5.439631640911102295e-03
7.588702719658613205e-03
1.103832200169563293e-02
8.593648672103881836e-03
5.261612590402364731e-03
6.826796103268861771e-03
8.938139304518699646e-03
7.095252629369497299e-03
5.122821312397718430e-03
6.417534314095973969e-03
7.586164865642786026e-03
6.118179298937320709e-03
5.020495969802141190e-03
6.075463723391294479e-03
6.634898483753204346e-03
5.504978820681571960e-03
4.970297217369079590e-03
5.769680719822645187e-03
5.987403914332389832e-03
5.185314454138278961e-03
4.922196734696626663e-03
5.461021326482295990e-03
5.560635589063167572e-03
5.022784229367971420e-03
4.858870059251785278e-03
5.221740342676639557e-03
5.297408439218997955e-03
4.946084227412939072e-03
4.790970124304294586e-03
4.983246326446533203e-03
5.063864402472972870e-03
4.875035025179386139e-03
4.749075509607791901e-03
4.850288853049278259e-03
4.917614161968231201e-03
4.810754675418138504e-03
4.718043375760316849e-03
4.772433545440435410e-03
4.831510595977306366e-03
4.771739244461059570e-03
4.693702794611454010e-03
4.700326360762119293e-03
4.744638688862323761e-03
4.736703820526599884e-03
4.679603502154350281e-03
4.657158628106117249e-03
4.682679194957017899e-03
4.689873661845922470e-03
4.658250138163566589e-03
4.630898591130971909e-03
4.636422265321016312e-03
4.647081717848777771e-03
4.631993826478719711e-03
4.608501680195331573e-03
4.603502340614795685e-03
4.609023220837116241e-03
4.604171030223369598e-03
4.587952978909015656e-03
4.575533326715230942e-03
4.574537742882966995e-03
4.575578030198812485e-03
4.567927680909633636e-03
4.554905928671360016e-03
4.546698182821273804e-03
4.545319359749555588e-03
4.543791525065898895e-03
4.536481108516454697e-03
4.526137374341487885e-03
4.518885631114244461e-03
4.515556152909994125e-03
4.512355662882328033e-03
4.506689030677080154e-03
4.499536007642745972e-03
4.492881707847118378e-03
4.487628117203712463e-03
4.483331460505723953e-03
4.479691851884126663e-03
4.475369118154048920e-03
4.469703882932662964e-03
4.463084973394870758e-03
4.457072354853153229e-03
4.452615976333618164e-03
4.450436681509017944e-03
4.449340980499982834e-03
4.447903949767351151e-03
4.446623846888542175e-03
4.448459018021821976e-03
4.453941248357295990e-03
4.464605823159217834e-03
4.482291173189878464e-03
4.511980805546045303e-03
4.557076375931501389e-03
4.622662439942359924e-03
4.713039845228195190e-03
4.847770556807518005e-03
5.039844196289777756e-03
5.321043543517589569e-03
5.698761902749538422e-03
6.237816065549850464e-03
6.925815716385841370e-03
7.844102568924427032e-03
8.314860053360462189e-03
7.917284034192562103e-03
6.690925452858209610e-03
5.343070719391107559e-03
4.487390629947185516e-03
4.450327251106500626e-03
5.021203774958848953e-03
5.662040784955024719e-03
5.924521014094352722e-03
5.637485999614000320e-03
5.048471502959728241e-03
4.524978809058666229e-03
4.341907799243927002e-03
4.496035166084766388e-03
4.794111475348472595e-03
5.009763408452272415e-03
4.989748820662498474e-03
4.764811135828495026e-03
4.487587139010429382e-03
4.315834958106279373e-03
4.298736341297626495e-03
4.389488603919744492e-03
4.493420943617820740e-03
4.535368643701076508e-03
4.498749971389770508e-03
4.406504333019256592e-03
4.310600459575653076e-03
4.249752033501863480e-03
4.238878842443227768e-03
4.269653931260108948e-03
4.316474311053752899e-03
4.350854083895683289e-03
4.354844335466623306e-03
4.330941010266542435e-03
4.292486235499382019e-03
4.257135093212127686e-03
4.231204744428396225e-03
4.217062145471572876e-03
4.218176938593387604e-03
4.235466476529836655e-03
4.269650205969810486e-03
4.322523716837167740e-03
4.405562765896320343e-03
4.543478600680828094e-03
4.782363306730985641e-03
5.201326217502355576e-03
5.927192047238349915e-03
7.142643444240093231e-03
9.097507223486900330e-03
1.202890276908874512e-02
1.577549427747726440e-02
1.926950179040431976e-02
2.006706781685352325e-02
1.621801964938640594e-02
9.231453761458396912e-03
4.635211545974016190e-03
5.745794624090194702e-03
9.553523734211921692e-03
1.046390831470489502e-02
7.255749311298131943e-03
4.449815955013036728e-03
5.423967726528644562e-03
7.631896995007991791e-03
7.203061133623123169e-03
4.925127606838941574e-03
4.359364043921232224e-03
5.793796852231025696e-03
6.310857832431793213e-03
5.032524466514587402e-03
4.208995960652828217e-03
4.967101383954286575e-03
5.618033930659294128e-03
4.949444439262151718e-03
4.194279201328754425e-03
4.504310898482799530e-03
5.035594105720520020e-03
4.745741840451955795e-03
4.176756367087364197e-03
4.244619980454444885e-03
4.632534459233283997e-03
4.562157206237316132e-03
4.184027202427387238e-03
4.141344223171472549e-03
4.401078447699546814e-03
4.434805363416671753e-03
4.184048157185316086e-03
4.069807007908821106e-03
4.206919576972723007e-03
4.281084984540939331e-03
4.151034168899059296e-03
4.034185782074928284e-03
4.086725413799285889e-03
4.170060157775878906e-03
4.127393476665019989e-03
4.036538302898406982e-03
4.043166525661945343e-03
4.118712153285741806e-03
4.144866019487380981e-03
4.112293943762779236e-03
4.118544049561023712e-03
4.185548052191734314e-03
4.221394192427396774e-03
4.183565732091665268e-03
4.130254499614238739e-03
4.101844504475593567e-03
4.066902212798595428e-03
4.008113872259855270e-03
3.962488844990730286e-03
3.959186375141143799e-03
3.974224440753459930e-03
3.976391628384590149e-03
3.973700106143951416e-03
3.983477130532264709e-03
3.995967097580432892e-03
3.991932142525911331e-03
3.975030966103076935e-03
3.962534479796886444e-03
3.955996595323085785e-03
3.942439798265695572e-03
3.922788426280021667e-03
3.909190185368061066e-03
3.904552664607763290e-03
3.900833893567323685e-03
3.892929991707205772e-03
3.885982092469930649e-03
3.884709207341074944e-03
3.885996062308549881e-03
3.883829107508063316e-03
3.878435119986534119e-03
3.873930545523762703e-03
3.871697699651122093e-03
3.869116771966218948e-03
3.864404745399951935e-03
3.859136253595352173e-03
3.855838440358638763e-03
3.853487549349665642e-03
3.849573666229844093e-03
3.843771526589989662e-03
3.838029690086841583e-03
3.833906259387731552e-03
3.831831738352775574e-03
3.832360496744513512e-03
3.837629454210400581e-03
3.852647263556718826e-03
3.885715734213590622e-03
3.952352330088615417e-03
4.073532298207283020e-03
4.280898254364728928e-03
4.637938458472490311e-03
5.276638083159923553e-03
6.404902320355176926e-03
8.373241871595382690e-03
1.169679407030344009e-02
1.690469309687614441e-02
2.389901690185070038e-02
3.081542812287807465e-02
3.301399946212768555e-02
2.555024623870849609e-02
1.249618269503116608e-02
5.769707262516021729e-03
1.050461735576391220e-02
1.597170904278755188e-02
1.227742526680231094e-02
5.410082172602415085e-03
5.978040397167205811e-03
1.085655111819505692e-02
1.015757024288177490e-02
5.295874550938606262e-03
4.782760050147771835e-03
8.064626716077327728e-03
7.937135174870491028e-03
4.781457595527172089e-03
4.579798318445682526e-03
6.712191738188266754e-03
6.327600684016942978e-03
4.294272977858781815e-03
4.488967824727296829e-03
5.802522413432598114e-03
5.223491694778203964e-03
4.031042102724313736e-03
4.451699554920196533e-03
5.164555273950099945e-03
4.564899485558271408e-03
3.934944514185190201e-03
4.364323336631059647e-03
4.675780888646841049e-03
4.174537491053342819e-03
3.874288871884346008e-03
4.221747163683176041e-03
4.349709488451480865e-03
3.980882465839385986e-03
3.835149807855486870e-03
4.077362362295389175e-03
4.122884944081306458e-03
3.870100248605012894e-03
3.794399090111255646e-03
3.960798028856515884e-03
3.984775859862565994e-03
3.816465381532907486e-03
3.754342906177043915e-03
3.847395768389105797e-03
3.843767568469047546e-03
3.741766326129436493e-03
3.742210566997528076e-03
3.802623599767684937e-03
3.768086899071931839e-03
3.703491063788533211e-03
3.721108427271246910e-03
3.751955460757017136e-03
3.717485582455992699e-03
3.682353300973773003e-03
3.701572772115468979e-03
3.715989179909229279e-03
3.686188952997326851e-03
3.663301235064864159e-03
3.677217988297343254e-03
3.684757975861430168e-03
3.662598785012960434e-03
3.645642893388867378e-03
3.653183579444885254e-03
3.656192449852824211e-03
3.640312701463699341e-03
3.630252089351415634e-03
3.634919645264744759e-03
3.633975051343441010e-03
3.621661569923162460e-03
3.614173736423254013e-03
3.616301342844963074e-03
3.615075256675481796e-03
3.606189042329788208e-03
3.599483752623200417e-03
3.599129384383559227e-03
3.597846254706382751e-03
3.591153305023908615e-03
3.584640333428978920e-03
3.581811906769871712e-03
3.580223768949508667e-03
3.576418850570917130e-03
3.571077017113566399e-03
3.567241365090012550e-03
3.564817365258932114e-03
3.561520017683506012e-03
3.557346528396010399e-03
3.553895046934485435e-03
3.551384899765253067e-03
3.548620035871863365e-03
3.544608131051063538e-03
3.540260484442114830e-03
3.536941949278116226e-03
3.534560091793537140e-03
3.531681140884757042e-03
3.527900204062461853e-03
3.524060128256678581e-03
3.520949045196175575e-03
3.517982084304094315e-03
3.514368087053298950e-03
3.510543610900640488e-03
3.507325425744056702e-03
3.504491178318858147e-03
3.501356113702058792e-03
3.497970057651400566e-03
3.495024517178535461e-03
3.492508083581924438e-03
3.490340895950794220e-03
3.487957175821065903e-03
3.485755994915962219e-03
3.484498243778944016e-03
3.484972286969423294e-03
3.487514797598123550e-03
3.492505289614200592e-03
3.499943763017654419e-03
3.511205082759261131e-03
3.529404290020465851e-03
3.559322096407413483e-03
3.606539918109774590e-03
3.682102542370557785e-03
3.800994250923395157e-03
3.981633111834526062e-03
4.258939065039157867e-03
4.679251462221145630e-03
5.330851301550865173e-03
6.311926059424877167e-03
7.765511050820350647e-03
9.756802581250667572e-03
1.232933811843395233e-02
1.496024336665868759e-02
1.688091084361076355e-02
1.643800362944602966e-02
1.321097929030656815e-02
8.234052918851375580e-03
4.626578185707330704e-03
4.352895542979240417e-03
6.474250461906194687e-03
8.159427903592586517e-03
7.506873458623886108e-03
5.346570629626512527e-03
3.917662892490625381e-03
4.326011519879102707e-03
5.511458497494459152e-03
5.837472155690193176e-03
4.788715858012437820e-03
3.763437969610095024e-03
4.002176225185394287e-03
4.670343827456235886e-03
4.561543464660644531e-03
3.916982095688581467e-03
3.692188300192356110e-03
4.012807738035917282e-03
4.210644401609897614e-03
3.943085670471191406e-03
3.612966975197196007e-03
3.623195691034197807e-03
3.825431922450661659e-03
3.861125092953443527e-03
3.669669618830084801e-03
3.506286069750785828e-03
3.538384102284908295e-03
3.648992627859115601e-03
3.642885945737361908e-03
3.522494109347462654e-03
3.448446281254291534e-03
3.491841256618499756e-03
3.546206280589103699e-03
3.500758204609155655e-03
3.409798257052898407e-03
3.393027465790510178e-03
3.447968978434801102e-03
3.469318617135286331e-03
3.419825574383139610e-03
3.370705293491482735e-03
3.377432934939861298e-03
3.403719514608383179e-03
3.393918974325060844e-03
3.357958514243364334e-03
3.342666896060109138e-03
3.358084242790937424e-03
3.370697842910885811e-03
3.356658853590488434e-03
3.332626540213823318e-03
3.323370590806007385e-03
3.328440245240926743e-03
3.330218605697154999e-03
3.320344490930438042e-03
3.308030078187584877e-03
3.304488724097609520e-03
3.308378625661134720e-03
3.308736719191074371e-03
3.300904063507914543e-03
3.291168715804815292e-03
3.286004532128572464e-03
3.284903243184089661e-03
3.282766789197921753e-03
3.277881303802132607e-03
3.272764151915907860e-03
3.270169254392385483e-03
3.269775304943323135e-03
3.269119653850793839e-03
3.266231622546911240e-03
3.261846024543046951e-03
3.257462056353688240e-03
3.254309762269258499e-03
3.251964692026376724e-03
3.249302739277482033e-03
3.245335072278976440e-03
3.240651451051235199e-03
3.236160846427083015e-03
3.232692833989858627e-03
3.230291651561856270e-03
3.227820154279470444e-03
3.224849468097090721e-03
3.221759805455803871e-03
3.219089005142450333e-03
3.216800745576620102e-03
3.214487805962562561e-03
3.212308511137962341e-03
3.211317816749215126e-03
3.211559727787971497e-03
3.212291281670331955e-03
3.212795592844486237e-03
3.213251940906047821e-03
3.215241245925426483e-03
3.219266422092914581e-03
3.226019442081451416e-03
3.236108692362904549e-03
3.252908587455749512e-03
3.280607983469963074e-03
3.324285615235567093e-03
3.393111284822225571e-03
3.507149871438741684e-03
3.696194384247064590e-03
4.000785760581493378e-03
4.505237098783254623e-03
5.371371749788522720e-03
6.841110065579414368e-03
9.237096644937992096e-03
1.296457462012767792e-02
1.815822161734104156e-02
2.406303398311138153e-02
2.808952890336513519e-02
2.625969424843788147e-02
1.560162566602230072e-02
4.842480644583702087e-03
5.974256433546543121e-03
1.342294923961162567e-02
1.350646466016769409e-02
6.478157360106706619e-03
4.077910445630550385e-03
8.291616104543209076e-03
9.656029753386974335e-03
5.727165378630161285e-03
3.987840842455625534e-03
6.431465968489646912e-03
7.056401576846837997e-03
4.650874994695186615e-03
4.035220481455326080e-03
5.602829158306121826e-03
5.426156334578990936e-03
3.826764645054936409e-03
3.965968731790781021e-03
4.983795341104269028e-03
4.417065531015396118e-03
3.450719639658927917e-03
3.914778120815753937e-03
4.463621880859136581e-03
3.805705113336443901e-03
3.306561615318059921e-03
3.784065600484609604e-03
3.988930489867925644e-03
3.462995402514934540e-03
3.281727433204650879e-03
3.630544757470488548e-03
3.632578067481517792e-03
3.287855070084333420e-03
3.280149772763252258e-03
3.498416393995285034e-03
3.414969425648450851e-03
3.200178965926170349e-03
3.258233424276113510e-03
3.387538483366370201e-03
3.282405901700258255e-03
3.150574397295713425e-03
3.216661280021071434e-03
3.291851375252008438e-03
3.209050511941313744e-03
3.130591940134763718e-03
3.180309664458036423e-03
3.222316503524780273e-03
3.158752573654055595e-03
3.107408992946147919e-03
3.145072842016816139e-03
3.173322416841983795e-03
3.130572382360696793e-03
3.093907143920660019e-03
3.117749467492103577e-03
3.141461871564388275e-03
3.113965503871440887e-03
3.082039766013622284e-03
3.091020975261926651e-03
3.108460223302245140e-03
3.093852661550045013e-03
3.068431979045271873e-03
3.068780293688178062e-03
3.081948962062597275e-03
3.076809458434581757e-03
3.059481503441929817e-03
3.054554108530282974e-03
3.061356488615274429e-03
3.060442628338932991e-03
3.049486083909869194e-03
3.042997792363166809e-03
3.044858109205961227e-03
3.044666955247521400e-03
3.037612419575452805e-03
3.031337633728981018e-03
3.030742052942514420e-03
3.030545078217983246e-03
3.026098012924194336e-03
3.020769217982888222e-03
3.018821123987436295e-03
3.018406219780445099e-03
3.015493974089622498e-03
3.010804764926433563e-03
3.007744904607534409e-03
3.006823360919952393e-03
3.005180275067687035e-03
3.001496894285082817e-03
2.997954608872532845e-03
2.996073337271809578e-03
2.994614420458674431e-03
2.992285648360848427e-03
2.989138942211866379e-03
2.986728213727474213e-03
2.985591534525156021e-03
2.984344027936458588e-03
2.982317470014095306e-03
2.980140037834644318e-03
2.979178214445710182e-03
2.979588927701115608e-03
2.980782883241772652e-03
