4.016466438770294189e-01
3.339818120002746582e-01
3.067065477371215820e-01
3.106756806373596191e-01
3.231218755245208740e-01
3.258134722709655762e-01
3.184641003608703613e-01
3.076354563236236572e-01
2.988713383674621582e-01
2.947296500205993652e-01
2.949822247028350830e-01
2.976539433002471924e-01
3.003771007061004639e-01
3.015123307704925537e-01
3.006018400192260742e-01
2.981718182563781738e-01
2.952344417572021484e-01
2.927960753440856934e-01
2.915059626102447510e-01
2.914853990077972412e-01
2.923539578914642334e-01
2.934403419494628906e-01
2.941021025180816650e-01
2.940045595169067383e-01
2.932183444499969482e-01
2.921087741851806641e-01
2.911151647567749023e-01
2.905459403991699219e-01
2.904728651046752930e-01
2.907449007034301758e-01
2.910927832126617432e-01
2.912639677524566650e-01
2.911264598369598389e-01
2.907042205333709717e-01
2.901426553726196289e-01
2.896292805671691895e-01
2.893068492412567139e-01
2.892157733440399170e-01
2.892878353595733643e-01
2.893918156623840332e-01
2.894044220447540283e-01
2.892680168151855469e-01
2.890079617500305176e-01
2.887054681777954102e-01
2.884482145309448242e-01
2.882858514785766602e-01
2.882115840911865234e-01
2.881745994091033936e-01
2.881127595901489258e-01
2.879857122898101807e-01
2.877919077873229980e-01
2.875629067420959473e-01
2.873415946960449219e-01
2.871577143669128418e-01
2.870142459869384766e-01
2.868891358375549316e-01
2.867512702941894531e-01
2.865790128707885742e-01
2.863712012767791748e-01
2.861448824405670166e-01
2.859224677085876465e-01
2.857177257537841797e-01
2.855291068553924561e-01
2.853426635265350342e-01
2.851416170597076416e-01
2.849160432815551758e-01
2.846675515174865723e-01
2.844062149524688721e-01
2.841427922248840332e-01
2.838816642761230469e-01
2.836187183856964111e-01
2.833449244499206543e-01
2.830525040626525879e-01
2.827393710613250732e-01
2.824091017246246338e-01
2.820673882961273193e-01
2.817169725894927979e-01
2.813556492328643799e-01
2.809780240058898926e-01
2.805789411067962646e-01
2.801562249660491943e-01
2.797110080718994141e-01
2.792453467845916748e-01
2.787595093250274658e-01
2.782507240772247314e-01
2.777146697044372559e-01
2.771475017070770264e-01
2.765474617481231689e-01
2.759144604206085205e-01
2.752479910850524902e-01
2.745459675788879395e-01
2.738045156002044678e-01
2.730195522308349609e-01
2.721877694129943848e-01
2.713072001934051514e-01
2.703760266304016113e-01
2.693912982940673828e-01
2.683488130569458008e-01
2.672438919544219971e-01
2.660722732543945312e-01
2.648304998874664307e-01
2.635549902915954590e-01
2.622051239013671875e-01
2.607761025428771973e-01
2.592628002166748047e-01
2.576604485511779785e-01
2.559646666049957275e-01
2.541710138320922852e-01
2.522746622562408447e-01
2.502704262733459473e-01
2.481531649827957153e-01
2.459181249141693115e-01
2.435606718063354492e-01
2.410763204097747803e-01
2.384605407714843750e-01
2.357090562582015991e-01
2.328177839517593384e-01
2.297832518815994263e-01
2.266023755073547363e-01
2.232722491025924683e-01
2.197898328304290771e-01
2.161525040864944458e-01
2.123580276966094971e-01
2.084041386842727661e-01
2.042881995439529419e-01
2.000072002410888672e-01
1.955578327178955078e-01
1.909361034631729126e-01
1.861379295587539673e-01
1.811600774526596069e-01
1.760186254978179932e-01
1.709666252136230469e-01
1.682128161191940308e-01
1.722112745046615601e-01
1.598088145256042480e-01
1.560246944427490234e-01
1.537157595157623291e-01
1.444305628538131714e-01
1.455616801977157593e-01
1.351073831319808960e-01
1.366093456745147705e-01
1.265756934881210327e-01
1.270107924938201904e-01
1.183516308665275574e-01
1.172538995742797852e-01
1.105275452136993408e-01
1.073071360588073730e-01
1.028794199228286743e-01
9.762981534004211426e-02
9.527185559272766113e-02
8.881688863039016724e-02
8.728627860546112061e-02
8.144286274909973145e-02
7.867666333913803101e-02
7.529534399509429932e-02
7.058801501989364624e-02
6.894589960575103760e-02
6.470297276973724365e-02
6.178699061274528503e-02
6.005965918302536011e-02
5.636920034885406494e-02
5.426256731152534485e-02
5.287650227546691895e-02
5.004539340734481812e-02
4.809013754129409790e-02
4.723672196269035339e-02
4.553473740816116333e-02
4.356396943330764771e-02
4.260956123471260071e-02
4.201339185237884521e-02
4.083984345197677612e-02
3.946195542812347412e-02
3.865429013967514038e-02
3.827028721570968628e-02
3.767704591155052185e-02
3.673215210437774658e-02
3.580448031425476074e-02
3.521345555782318115e-02
3.482323884963989258e-02
3.430189192295074463e-02
3.354949504137039185e-02
3.273500502109527588e-02
3.207872062921524048e-02
3.157518059015274048e-02
3.104478120803833008e-02
3.037435561418533325e-02
2.962011843919754028e-02
2.893357537686824799e-02
2.835832536220550537e-02
2.780253812670707703e-02
2.717635035514831543e-02
2.649352326989173889e-02
2.584841661155223846e-02
2.528022974729537964e-02
2.473660372197628021e-02
2.415810897946357727e-02
2.355208992958068848e-02
2.297630906105041504e-02
2.245236746966838837e-02
2.194600924849510193e-02
2.142260037362575531e-02
2.090361714363098145e-02
2.041423693299293518e-02
1.996167749166488647e-02
1.951123587787151337e-02
1.904942467808723450e-02
1.859994232654571533e-02
1.818001270294189453e-02
1.777490414679050446e-02
1.736655458807945251e-02
1.696119830012321472e-02
1.657456718385219574e-02
1.620703749358654022e-02
1.584609597921371460e-02
1.548612862825393677e-02
1.513461861759424210e-02
1.479863747954368591e-02
1.447538286447525024e-02
1.415773574262857437e-02
1.384382415562868118e-02
1.353816501796245575e-02
1.324430573731660843e-02
1.296063233166933060e-02
1.268322579562664032e-02
1.241068728268146515e-02
1.214515790343284607e-02
1.188889145851135254e-02
1.164170354604721069e-02
1.140154432505369186e-02
1.116696652024984360e-02
1.093848794698715210e-02
1.071741618216037750e-02
1.050428114831447601e-02
1.029830425977706909e-02
1.009829528629779816e-02
9.903825819492340088e-03
9.715273976325988770e-03
9.533178992569446564e-03
9.357511997222900391e-03
9.187674149870872498e-03
9.023014456033706665e-03
8.863255381584167480e-03
8.708520792424678802e-03
8.558966219425201416e-03
8.414498530328273773e-03
8.274774067103862762e-03
8.139379322528839111e-03
8.008075878024101257e-03
7.880803197622299194e-03
7.757581770420074463e-03
7.638363633304834366e-03
7.522989530116319656e-03
7.411229424178600311e-03
7.302873302251100540e-03
7.197790779173374176e-03
7.095920387655496597e-03
6.997221149504184723e-03
6.901628803461790085e-03
6.809040904045104980e-03
6.719325669109821320e-03
6.632353644818067551e-03
6.548016332089900970e-03
6.466227117925882339e-03
6.386914290487766266e-03
6.310018710792064667e-03
6.235470063984394073e-03
6.163191050291061401e-03
6.093098316341638565e-03
6.025108508765697479e-03
5.959141533821821213e-03
5.895123817026615143e-03
5.832987837493419647e-03
5.772667471319437027e-03
5.714110098779201508e-03
5.657256580889225006e-03
5.602053366601467133e-03
5.548441782593727112e-03
5.496370606124401093e-03
5.445785820484161377e-03
5.396635271608829498e-03
5.348870996385812759e-03
5.302441306412220001e-03
5.257300101220607758e-03
5.213403142988681793e-03
5.170705728232860565e-03
5.129168741405010223e-03
5.088749807327985764e-03
5.049412138760089874e-03
5.011122208088636398e-03
4.973847884684801102e-03
4.937562160193920135e-03
4.902249667793512344e-03
4.867909476161003113e-03
4.834564868360757828e-03
4.802294075489044189e-03
4.771274514496326447e-03
4.741868004202842712e-03
4.714843817055225372e-03
4.691707901656627655e-03
4.675683565437793732e-03
4.673051647841930389e-03
4.687975626438856125e-03
4.717153031378984451e-03
4.767454229295253754e-03
4.837808664888143539e-03
4.937459714710712433e-03
5.042566917836666107e-03
5.148693919181823730e-03
5.179913714528083801e-03
5.125203635543584824e-03
4.931269679218530655e-03
4.678375087678432465e-03
4.444193094968795776e-03
4.319645464420318604e-03
4.321754910051822662e-03
4.405778367072343826e-03
4.501441959291696548e-03
4.540644120424985886e-03
4.503509961068630219e-03
4.395887721329927444e-03
4.272730089724063873e-03
4.180573392659425735e-03
4.145890474319458008e-03
4.161085467785596848e-03
4.197712056338787079e-03
4.225999116897583008e-03
4.223762080073356628e-03
4.190399311482906342e-03
4.133746959269046783e-03
4.073928110301494598e-03
4.025792703032493591e-03
3.997714724391698837e-03
3.988592885434627533e-03
3.991420380771160126e-03
3.997640218585729599e-03
3.999654203653335571e-03
3.994058817625045776e-03
3.978954628109931946e-03
3.956948406994342804e-03
3.929972182959318161e-03
3.901967313140630722e-03
3.875043476000428200e-03
3.851142246276140213e-03
3.830772126093506813e-03
3.813867922872304916e-03
3.799864323809742928e-03
3.788084723055362701e-03
3.777943085879087448e-03
3.769048722460865974e-03
3.761302679777145386e-03
3.754784818738698959e-03
3.750063013285398483e-03
3.747760783880949020e-03
3.749515162780880928e-03
3.756882622838020325e-03
3.773863194510340691e-03
3.803900443017482758e-03
3.856363240629434586e-03
3.936981782317161560e-03
4.064403939992189407e-03
4.235904663801193237e-03
4.469379782676696777e-03
4.694191738963127136e-03
4.876696038991212845e-03
4.825343377888202667e-03
4.549476318061351776e-03
4.075224976986646652e-03
3.676730440929532051e-03
3.535204101353883743e-03
3.660720773041248322e-03
3.896892070770263672e-03
4.037688951939344406e-03
3.989252261817455292e-03
3.772381460294127464e-03
3.554620780050754547e-03
3.466011956334114075e-03
3.525781910866498947e-03
3.645660355687141418e-03
3.710998687893152237e-03
3.674118546769022942e-03
3.557983087375760078e-03
3.446608781814575195e-03
3.400753717869520187e-03
3.426502924412488937e-03
3.481873078271746635e-03
3.514036536216735840e-03
3.498638048768043518e-03
3.442575223743915558e-03
3.380304668098688126e-03
3.341215895488858223e-03
3.335900604724884033e-03
3.353399690240621567e-03
3.372685750946402550e-03
3.377283923327922821e-03
3.360944334417581558e-03
3.330880776047706604e-03
3.298388794064521790e-03
3.274302929639816284e-03
3.262905869632959366e-03
3.262110054492950439e-03
3.266040701419115067e-03
3.265390638262033463e-03
3.253628499805927277e-03
3.234750591218471527e-03
3.217359771952033043e-03
3.207115689292550087e-03
3.203710308298468590e-03
3.202483989298343658e-03
3.198449499905109406e-03
3.189623821526765823e-03
3.177263308316469193e-03
3.164543537423014641e-03
3.154086181893944740e-03
3.146771807223558426e-03
3.141695400699973106e-03
3.137097228318452835e-03
3.131468547508120537e-03
3.124117851257324219e-03
3.115329891443252563e-03
3.105878829956054688e-03
3.096655709668993950e-03
3.088239580392837524e-03
3.080811817198991776e-03
3.074199892580509186e-03
3.068049903959035873e-03
3.061992116272449493e-03
3.055744804441928864e-03
3.049179911613464355e-03
3.042271593585610390e-03
3.035102039575576782e-03
3.027764149010181427e-03
3.020375967025756836e-03
3.013008739799261093e-03
3.005726262927055359e-03
2.998550888150930405e-03
2.991490298882126808e-03
2.984536113217473030e-03
2.977678086608648300e-03
2.970898058265447617e-03
2.964185550808906555e-03
2.957528689876198769e-03
2.950920723378658295e-03
2.944355830550193787e-03
2.937832381576299667e-03
2.931349677965044975e-03
2.924916101619601250e-03
2.918536309152841568e-03
2.912229858338832855e-03
2.906025853008031845e-03
2.899979474022984505e-03
2.894188044592738152e-03
2.888832939788699150e-03
2.884246408939361572e-03
2.881069900467991829e-03
2.880484331399202347e-03
2.884882269427180290e-03
2.898701932281255722e-03
2.931269351392984390e-03
2.999506890773773193e-03
3.139874897897243500e-03
3.410419914871454239e-03
3.930753096938133240e-03
4.786133766174316406e-03
6.058128084987401962e-03
7.017736323177814484e-03
6.866238079965114594e-03
4.810273647308349609e-03
2.983551938086748123e-03
3.163837362080812454e-03
4.519342444837093353e-03
4.861790686845779419e-03
3.582258708775043488e-03
2.775669330731034279e-03
3.434501122683286667e-03
4.063637927174568176e-03
3.520704573020339012e-03
2.783225383609533310e-03
3.050889819860458374e-03
3.578412579372525215e-03
3.293001092970371246e-03
2.768998965620994568e-03
2.889408729970455170e-03
3.247358836233615875e-03
3.107073251157999039e-03
2.745320321992039680e-03
2.800813177600502968e-03
3.047921694815158844e-03
2.963442588225007057e-03
2.720345743000507355e-03
2.741096541285514832e-03
2.904044929891824722e-03
2.864790149033069611e-03
2.698492724448442459e-03
2.696624724194407463e-03
2.805329626426100731e-03
2.789009362459182739e-03
2.677639247849583626e-03
2.661374397575855255e-03
2.730838255956768990e-03
2.732641296461224556e-03
2.658549463376402855e-03
2.634507138282060623e-03
2.675058320164680481e-03
2.673279726877808571e-03
2.626021858304738998e-03
2.619373146444559097e-03
2.645201282575726509e-03
2.635264769196510315e-03
2.602847758680582047e-03
2.602117136120796204e-03
2.617113059386610985e-03
2.605714136734604836e-03
2.583560533821582794e-03
2.583410125225782394e-03
2.591427648440003395e-03
2.581760287284851074e-03
2.565827220678329468e-03
2.564412541687488556e-03
2.568398369476199150e-03
2.560922876000404358e-03
2.548853633925318718e-03
2.545832190662622452e-03
2.547286916524171829e-03
2.541877329349517822e-03
2.532338257879018784e-03
2.527974545955657959e-03
2.527649980038404465e-03
2.523708157241344452e-03
2.516123466193675995e-03
2.510888967663049698e-03
2.509095240384340286e-03
2.506050746887922287e-03
2.500071655958890915e-03
2.494515851140022278e-03
2.491483930498361588e-03
2.488713711500167847e-03
2.484048716723918915e-03
2.478690352290868759e-03
2.474728040397167206e-03
2.471736166626214981e-03
2.467957790940999985e-03
2.463174518197774887e-03
2.458731178194284439e-03
2.455229870975017548e-03
2.451822394505143166e-03
2.447709441184997559e-03
2.443280536681413651e-03
2.439316827803850174e-03
2.435814822092652321e-03
2.432160545140504837e-03
2.428084146231412888e-03
2.423965139314532280e-03
2.420179545879364014e-03
2.416609786450862885e-03
2.412893110886216164e-03
2.408949891105294228e-03
2.405021339654922485e-03
2.401300705969333649e-03
2.397696021944284439e-03
2.394008217379450798e-03
2.390191890299320221e-03
2.386384177953004837e-03
2.382696606218814850e-03
2.379093086346983910e-03
2.375457435846328735e-03
2.371750771999359131e-03
2.368033397942781448e-03
2.364379353821277618e-03
2.360790967941284180e-03
2.357209101319313049e-03
2.353593241423368454e-03
2.349958987906575203e-03
2.346349181607365608e-03
2.342785010114312172e-03
2.339247614145278931e-03
2.335705328732728958e-03
2.332150004804134369e-03
2.328597009181976318e-03
2.325066830962896347e-03
2.321565058082342148e-03
2.318078652024269104e-03
2.314593177288770676e-03
2.311106305569410324e-03
2.307625953108072281e-03
2.304161898791790009e-03
2.300717867910861969e-03
2.297287108376622200e-03
2.293862635269761086e-03
2.290441887453198433e-03
2.287028357386589050e-03
2.283626468852162361e-03
2.280238782986998558e-03
2.276864601299166679e-03
2.273499500006437302e-03
2.270142780616879463e-03
2.266793511807918549e-03
2.263452392071485519e-03
2.260121749714016914e-03
2.256803214550018311e-03
2.253496553748846054e-03
2.250198740512132645e-03
2.247008262202143669e-03
2.243825234472751617e-03
2.240650821477174759e-03
2.237486653029918671e-03
2.234332729130983353e-03
2.231188118457794189e-03
2.228051656857132912e-03
2.224922878667712212e-03
2.221802249550819397e-03
2.218691399320960045e-03
2.215589862316846848e-03
2.212497405707836151e-03
2.209412865340709686e-03
2.206337638199329376e-03
2.203268930315971375e-03
2.200210001319646835e-03
2.197159919887781143e-03
2.194118686020374298e-03
2.191085834056138992e-03
2.188060898333787918e-03
2.185044111683964729e-03
2.182035241276025772e-03
2.179034752771258354e-03
2.176043577492237091e-03
2.173060784116387367e-03
2.170085208490490913e-03
2.167118247598409653e-03
2.164159435778856277e-03
2.161208540201187134e-03
2.158266026526689529e-03
2.155331661924719810e-03
2.152404747903347015e-03
2.149486448615789413e-03
2.146576065570116043e-03
2.143673598766326904e-03
2.140779513865709305e-03
2.137892413884401321e-03
2.135013695806264877e-03
2.132143359631299973e-03
2.129280008375644684e-03
2.126424573361873627e-03
2.123576588928699493e-03
2.120737452059984207e-03
2.117904834449291229e-03
2.115080133080482483e-03
2.112263115122914314e-03
2.109454944729804993e-03
2.106653293594717979e-03
2.103859093040227890e-03
2.101072110235691071e-03
2.098293509334325790e-03
2.095521893352270126e-03
2.092757727950811386e-03
2.090001944452524185e-03
2.087252447381615639e-03
2.084511797875165939e-03
2.081777201965451241e-03
2.079049590975046158e-03
2.076330594718456268e-03
2.073617884889245033e-03
2.070913091301918030e-03
2.068214584141969681e-03
2.065524458885192871e-03
2.062840387225151062e-03
2.060164697468280792e-03
2.057495061308145523e-03
2.054833807051181793e-03
2.052178140729665756e-03
2.049530390650033951e-03
2.046889159828424454e-03
2.044255845248699188e-03
2.041628584265708923e-03
2.039009239524602890e-03
2.036396414041519165e-03
2.033790573477745056e-03
2.031191717833280563e-03
2.028599381446838379e-03
2.026014495640993118e-03
2.023436827585101128e-03
2.020866842940449715e-03
2.018304541707038879e-03
2.015751320868730545e-03
2.013209275901317596e-03
2.010680036619305611e-03
2.008168958127498627e-03
2.005686983466148376e-03
2.003251574933528900e-03
2.000898122787475586e-03
1.998693449422717094e-03
1.996764913201332092e-03
1.995369791984558105e-03
1.995000056922435760e-03
1.996667589992284775e-03
2.002367284148931503e-03
2.016263082623481750e-03
2.046614885330200195e-03
2.111016074195504189e-03
2.243269002065062523e-03
2.514966530725359917e-03
3.041378688067197800e-03
3.822382539510726929e-03
4.492783453315496445e-03
4.718476906418800354e-03
4.002545960247516632e-03
2.812514780089259148e-03
2.011584118008613586e-03
2.172753913328051567e-03
2.869387622922658920e-03
3.198729595169425011e-03
2.804123796522617340e-03
2.141672652214765549e-03
1.971245277673006058e-03
2.336472505703568459e-03
2.638223581016063690e-03
2.477256581187248230e-03
2.076259348541498184e-03
1.945261494256556034e-03
2.158212009817361832e-03
2.344014588743448257e-03
2.244229428470134735e-03
2.003980800509452820e-03
1.932776765897870064e-03
2.065221313387155533e-03
2.170850522816181183e-03
2.101972233504056931e-03
1.958604902029037476e-03
1.921781571581959724e-03
2.002889988943934441e-03
2.062440151348710060e-03
2.017435617744922638e-03
1.931440783664584160e-03
1.909557031467556953e-03
1.956912456080317497e-03
1.992133446037769318e-03
1.965785864740610123e-03
1.913618296384811401e-03
1.897281268611550331e-03
1.922994502820074558e-03
1.945307012647390366e-03
1.932252431288361549e-03
1.900437287986278534e-03
1.886167097836732864e-03
1.898001995868980885e-03
1.912581967189908028e-03
1.908221514895558357e-03
1.889362698420882225e-03
1.876530703157186508e-03
1.879366114735603333e-03
1.888244180008769035e-03
1.888884580694139004e-03
1.878911862149834633e-03
1.868206425569951534e-03
1.865453901700675488e-03
1.869277213700115681e-03
1.871749525889754295e-03
1.867949496954679489e-03
1.860517775639891624e-03
1.855249283835291862e-03
1.854677801020443439e-03
1.856231829151511192e-03
1.855788519605994225e-03
1.852052519097924232e-03
1.847139094024896622e-03
1.843883423134684563e-03
1.843039644882082939e-03
1.843007514253258705e-03
1.841805991716682911e-03
1.838915515691041946e-03
1.835433067753911018e-03
1.832764828577637672e-03
1.831346889957785606e-03
1.830481807701289654e-03
1.829168060794472694e-03
1.826987718231976032e-03
1.824319479055702686e-03
1.821867655962705612e-03
1.820024568587541580e-03
1.818645396269857883e-03
1.817267970182001591e-03
1.815528841689229012e-03
1.813417882658541203e-03
1.811195048503577709e-03
1.809156034141778946e-03
1.807410269975662231e-03
1.805847277864813805e-03
1.804264262318611145e-03
1.802515937015414238e-03
1.800600439310073853e-03
1.798622775822877884e-03
1.796711469069123268e-03
1.794929383322596550e-03
1.793251256458461285e-03
1.791601884178817272e-03
1.789906295016407967e-03
1.788135617971420288e-03
1.786309643648564816e-03
1.784476218745112419e-03
1.782678067684173584e-03
1.780933467671275139e-03
1.779232406988739967e-03
1.777592697180807590e-03
1.775924582034349442e-03
1.774224685505032539e-03
1.772520481608808041e-03
1.770838978700339794e-03
1.769187627360224724e-03
1.767549430951476097e-03
1.765905646607279778e-03
1.764247193932533264e-03
1.762579893693327904e-03
1.760917250066995621e-03
1.759269973263144493e-03
1.757636666297912598e-03
1.756009412929415703e-03
1.754379598423838615e-03
1.752745360136032104e-03
1.751107862219214439e-03
1.749474089592695236e-03
1.747849048115313053e-03
1.746231922879815102e-03
1.744619105011224747e-03
1.743009546771645546e-03
1.741398009471595287e-03
1.739786821417510509e-03
1.738177496008574963e-03
1.736572245135903358e-03
1.734971767291426659e-03
1.733376178890466690e-03
1.731784082949161530e-03
1.730194315314292908e-03
1.728606875985860825e-03
1.727019902318716049e-03
1.725435722619295120e-03
1.723854336887598038e-03
1.722275512292981148e-03
1.720700878649950027e-03
1.719129737466573715e-03
1.717561157420277596e-03
1.715995138511061668e-03
1.714431913569569588e-03
1.712869387120008469e-03
1.711310818791389465e-03
1.709754345938563347e-03
1.708200201392173767e-03
1.706649432890117168e-03
1.705101109109818935e-03
1.703556044958531857e-03
1.702012959867715836e-03
1.700473250821232796e-03
1.698935404419898987e-03
1.697399653494358063e-03
1.695866812951862812e-03
1.694337115623056889e-03
1.692808931693434715e-03
1.691283658146858215e-03
1.689760829322040081e-03
1.688240328803658485e-03
1.686722156591713428e-03
1.685206778347492218e-03
1.683693379163742065e-03
1.682183006778359413e-03
1.680674962699413300e-03
1.679168897680938244e-03
1.677665743045508862e-03
1.676164800301194191e-03
1.674666069447994232e-03
1.673169434070587158e-03
1.671676058322191238e-03
1.670183846727013588e-03
1.668694196268916130e-03
1.667207805439829826e-03
1.665722695179283619e-03
1.664240611717104912e-03
1.662760274484753609e-03
1.661282964050769806e-03
1.659807516261935234e-03
1.658334396779537201e-03
1.656863954849541187e-03
1.655395957641303539e-03
1.653930172324180603e-03
1.652467763051390648e-03
1.651008613407611847e-03
1.649554120376706123e-03
1.648105215281248093e-03
1.646663062274456024e-03
1.645232085138559341e-03
1.643816474825143814e-03
1.642427640035748482e-03
1.641080947592854500e-03
1.639805268496274948e-03
1.638653222471475601e-03
1.637713401578366756e-03
1.637150882743299007e-03
1.637260196730494499e-03
1.638589776121079922e-03
1.642133342102169991e-03
1.649796031415462494e-03
1.665031071752309799e-03
1.694617327302694321e-03
1.750637195073068142e-03
1.833518035709857941e-03
1.927266828715801239e-03
2.029545605182647705e-03
2.124295104295015335e-03
2.204677090048789978e-03
2.239133231341838837e-03
2.222365466877818108e-03
2.132881199941039085e-03
1.996282488107681274e-03
1.837154501117765903e-03
1.703307265415787697e-03
1.624562311917543411e-03
1.610861858353018761e-03
1.648543402552604675e-03
1.710313139483332634e-03
1.767924637533724308e-03
1.798156183212995529e-03
1.793941482901573181e-03
1.756733283400535583e-03
1.702956855297088623e-03
1.649169251322746277e-03
1.610985724255442619e-03
1.595152076333761215e-03
1.600139075890183449e-03
1.618368085473775864e-03
1.640005037188529968e-03
1.656803768128156662e-03
1.663193339481949806e-03
1.658567925915122032e-03
1.644561532884836197e-03
1.625966746360063553e-03
1.607161015272140503e-03
1.592125976458191872e-03
1.582838594913482666e-03
1.579554285854101181e-03
1.581094576977193356e-03
1.585541525855660439e-03
1.590892439708113670e-03
1.595438225194811821e-03
1.598180853761732578e-03
1.598555361852049828e-03
1.596762216649949551e-03
1.593100605532526970e-03
1.588305342011153698e-03
1.582912402227520943e-03
1.577551010996103287e-03
1.572574954479932785e-03
1.568261766806244850e-03
1.564687350764870644e-03
1.561847049742937088e-03
1.559651456773281097e-03
1.557984156534075737e-03
1.556722447276115417e-03
1.555758295580744743e-03
1.555009395815432072e-03
1.554420916363596916e-03
1.553969806991517544e-03
1.553654437884688377e-03
1.553511014208197594e-03
1.553589710965752602e-03
1.553996466100215912e-03
1.554850954562425613e-03
1.556377392262220383e-03
1.558830379508435726e-03
1.562676858156919479e-03
1.568451523780822754e-03
1.577166607603430748e-03
1.589962630532681942e-03
1.609057188034057617e-03
1.636808156035840511e-03
1.677973894402384758e-03
1.736815320327877998e-03
1.822543097659945488e-03
1.939522917382419109e-03
2.100169891491532326e-03
2.293331082910299301e-03
2.516411244869232178e-03
2.697360236197710037e-03
2.792159095406532288e-03
2.682428574189543724e-03
2.393797738477587700e-03
1.988145988434553146e-03
1.654951833188533783e-03
1.521218218840658665e-03
1.600271789357066154e-03
1.790216425433754921e-03
1.945295603945851326e-03
1.970969606190919876e-03
1.849469961598515511e-03
1.670246943831443787e-03
1.538207987323403358e-03
1.516479067504405975e-03
1.586950849741697311e-03
1.678591128438711166e-03
1.723471330478787422e-03
1.692177960649132729e-03
1.612706808373332024e-03
1.535433693788945675e-03
1.502644270658493042e-03
1.520536956377327442e-03
1.557816634885966778e-03
1.569938729517161846e-03
1.544995117001235485e-03
1.509932801127433777e-03
1.495965057983994484e-03
1.508666668087244034e-03
1.527734682895243168e-03
1.531023532152175903e-03
1.515751006081700325e-03
1.496612094342708588e-03
1.489270478487014771e-03
1.495723961852490902e-03
1.505388994701206684e-03
1.507119275629520416e-03
1.498930156230926514e-03
1.488043228164315224e-03
1.482564490288496017e-03
1.484486507251858711e-03
1.489250222221016884e-03
1.490889233537018299e-03
1.487297704443335533e-03
1.481029787100851536e-03
1.476345583796501160e-03
1.475408207625150681e-03
1.477056648582220078e-03
1.478416146710515022e-03
1.477433368563652039e-03
1.474264427088201046e-03
1.470641349442303181e-03
1.468301517888903618e-03
1.467723632231354713e-03
1.468064845539629459e-03
1.468041446059942245e-03
1.466885092668235302e-03
1.464763889089226723e-03
1.462445594370365143e-03
1.460678875446319580e-03
1.459713559597730637e-03
1.459253486245870590e-03
1.458761980757117271e-03
1.457835314795374870e-03
1.456420868635177612e-03
1.454759854823350906e-03
1.453191740438342094e-03
1.451931660994887352e-03
1.450986601412296295e-03
1.450195675715804100e-03
1.449352013878524303e-03
1.448323950171470642e-03
1.447101123631000519e-03
1.445774571038782597e-03
1.444466644898056984e-03
1.443264773115515709e-03
1.442191423848271370e-03
1.441207714378833771e-03
1.440244726836681366e-03
1.439240411855280399e-03
1.438165549188852310e-03
1.437025144696235657e-03
1.435849117115139961e-03
1.434676581993699074e-03
1.433535246178507805e-03
1.432437449693679810e-03
1.431376440450549126e-03
1.430336036719381809e-03
1.429297612048685551e-03
1.428247196599841118e-03
1.427175709977746010e-03
1.426085131242871284e-03
1.424980582669377327e-03
1.423870911821722984e-03
1.422763802111148834e-03
1.421664142981171608e-03
1.420575659722089767e-03
1.419496838934719563e-03
1.418426167219877243e-03
1.417359802871942520e-03
1.416294835507869720e-03
1.415229286067187786e-03
1.414161641150712967e-03
1.413089921697974205e-03
1.412016106769442558e-03
1.410939148627221584e-03
1.409860560670495033e-03
1.408781390637159348e-03
1.407701522111892700e-03
1.406621420755982399e-03
1.405542949214577675e-03
1.404464826919138432e-03
1.403387635946273804e-03
1.402311376295983791e-03
1.401236513629555702e-03
1.400162000209093094e-03
1.399087952449917793e-03
1.398014952428638935e-03
1.396941952407360077e-03
1.395869650878012180e-03
1.394797931425273418e-03
1.393726328387856483e-03
1.392655307427048683e-03
1.391616649925708771e-03
1.390576828271150589e-03
1.389537355862557888e-03
1.388496952131390572e-03
1.387457596138119698e-03
1.386418240144848824e-03
1.385380048304796219e-03
1.384342322126030922e-03
1.383304595947265625e-03
1.382267102599143982e-03
1.381230074912309647e-03
1.380193047225475311e-03
1.379155786707997322e-03
1.378118060529232025e-03
1.377080800011754036e-03
1.376044005155563354e-03
1.375006744638085365e-03
1.373969484120607376e-03
1.372932922095060349e-03
1.371895894408226013e-03
1.370859099552035332e-03
1.369822770357131958e-03
1.368786906823515892e-03
1.367749995552003384e-03
1.366714248433709145e-03
1.365677919238805771e-03
1.364642288535833359e-03
1.363606192171573639e-03
1.362571027129888535e-03
1.361535396426916122e-03
1.360499998554587364e-03
1.359465066343545914e-03
1.358429901301860809e-03
1.357395085506141186e-03
1.356360269710421562e-03
1.355325453914701939e-03
1.354290638118982315e-03
1.353255938738584518e-03
1.352222170680761337e-03
1.351188519038259983e-03
1.350155216641724110e-03
1.349121564999222755e-03
1.348089543171226978e-03
1.347059034742414951e-03
1.346030039712786674e-03
1.345004187896847725e-03
1.343982992693781853e-03
1.342969480901956558e-03
1.341968076303601265e-03
1.340987393632531166e-03
1.340039889328181744e-03
1.339148730039596558e-03
1.338353962637484074e-03
1.337726018391549587e-03
1.337384106591343880e-03
1.337548601441085339e-03
1.338601694442331791e-03
1.341253751888871193e-03
1.346760662272572517e-03
1.357500674203038216e-03
1.377676264382898808e-03
1.415417296811938286e-03
1.484611304476857185e-03
1.612332882359623909e-03
1.839261269196867943e-03
2.239812398329377174e-03
2.871648408472537994e-03
3.787014167755842209e-03
4.662679508328437805e-03
5.016352050006389618e-03
4.027937073260545731e-03
2.344756387174129486e-03
1.343746902421116829e-03
1.794398762285709381e-03
2.792737446725368500e-03
2.905339468270540237e-03
2.030953764915466309e-03
1.338326139375567436e-03
1.636529807001352310e-03
2.238231012597680092e-03
2.138747833669185638e-03
1.540097873657941818e-03
1.329519553110003471e-03
1.684747636318206787e-03
1.917092013172805309e-03
1.639996888116002083e-03
1.326109864749014378e-03
1.414218801073729992e-03
1.654532738029956818e-03
1.617871457710862160e-03
1.377589302137494087e-03
1.317247748374938965e-03
1.469697337597608566e-03
1.534350099973380566e-03
1.407812582328915596e-03
1.301476266235113144e-03
1.359505578875541687e-03
1.445357105694711208e-03
1.405507791787385941e-03
1.312756212428212166e-03
1.307779690250754356e-03
1.364882569760084152e-03
1.358924899250268936e-03
1.303185243159532547e-03
1.299798139370977879e-03
1.337292953394353390e-03
1.333164400421082973e-03
1.296310685575008392e-03
1.292837085202336311e-03
1.317099435254931450e-03
1.315606757998466492e-03
1.291009364649653435e-03
1.286827027797698975e-03
1.302422722801566124e-03
1.302736112847924232e-03
1.286489889025688171e-03
1.281624194234609604e-03
1.291186548769474030e-03
1.292935572564601898e-03
1.282420824281871319e-03
1.277212286368012428e-03
1.282565179280936718e-03
1.284934114664793015e-03
1.278539770282804966e-03
1.273479196242988110e-03
1.275763963349163532e-03
1.278118579648435116e-03
1.274593872949481010e-03
1.270137960091233253e-03
1.270313630811870098e-03
1.272096997126936913e-03
1.270487904548645020e-03
1.266960753127932549e-03
1.265828963369131088e-03
1.266768202185630798e-03
1.266236184164881706e-03
1.263737911358475685e-03
1.261998200789093971e-03
1.262044068425893784e-03
1.261930912733078003e-03
1.260352088138461113e-03
1.258537406101822853e-03
1.257854979485273361e-03
1.257683499716222286e-03
1.256753457710146904e-03
1.255199778825044632e-03
1.254081027582287788e-03
1.253605005331337452e-03
1.252985093742609024e-03
1.251807902008295059e-03
1.250568544492125511e-03
1.249762950465083122e-03
1.249161083251237869e-03
1.248286338523030281e-03
1.247151987627148628e-03
1.246145227923989296e-03
1.245399005711078644e-03
1.244652550667524338e-03
1.243698410689830780e-03
1.242664526216685772e-03
1.241766149178147316e-03
1.240990823134779930e-03
1.240160549059510231e-03
1.239208388142287731e-03
1.238248543813824654e-03
1.237384043633937836e-03
1.236570649780333042e-03
1.235706266015768051e-03
1.234775874763727188e-03
1.233857125043869019e-03
1.232997048646211624e-03
1.232158625498414040e-03
1.231284113600850105e-03
1.230374327860772610e-03
1.229475950822234154e-03
1.228612149134278297e-03
1.227758824825286865e-03
1.226883498020470142e-03
1.225988380610942841e-03
1.225099666044116020e-03
1.224231673404574394e-03
1.223370549269020557e-03
1.222497550770640373e-03
1.221611513756215572e-03
1.220729085616767406e-03
1.219857367686927319e-03
1.218992285430431366e-03
1.218121033161878586e-03
1.217241981066763401e-03
1.216362463310360909e-03
1.215490279719233513e-03
1.214622054249048233e-03
1.213752548210322857e-03
1.212878152728080750e-03
1.212002243846654892e-03
1.211128896102309227e-03
1.210259739309549332e-03
1.209391048178076744e-03
1.208520377986133099e-03
1.207647146657109261e-03
1.206801040098071098e-03
1.205956796184182167e-03
1.205114531330764294e-03
1.204271684400737286e-03
1.203426159918308258e-03
1.202582614496350288e-03
1.201739767566323280e-03
1.200897735543549061e-03
1.200055470690131187e-03
1.199212158098816872e-03
1.198369311168789864e-03
1.197528094053268433e-03
1.196686760522425175e-03
1.195845194160938263e-03
1.195003162138164043e-03
1.194162876345217228e-03
1.193322241306304932e-03
1.192481839098036289e-03
1.191641669720411301e-03
1.190801383927464485e-03
1.189961796626448631e-03
1.189122209325432777e-03
1.188283320516347885e-03
1.187444431707262993e-03
1.186605892144143581e-03
1.185767585411667824e-03
1.184928929433226585e-03
1.184091670438647270e-03
1.183254644274711609e-03
1.182417152449488640e-03
1.181580126285552979e-03
1.180743565782904625e-03
1.179907005280256271e-03
1.179071376100182533e-03
1.178235281258821487e-03
1.177400117740035057e-03
1.176565070636570454e-03
1.175730256363749504e-03
1.174895907752215862e-03
1.174061442725360394e-03
1.173227792605757713e-03
1.172394375316798687e-03
1.171560725197196007e-03
1.170728588476777077e-03
1.169895520433783531e-03
1.169063616544008255e-03
1.168231363408267498e-03
1.167400507256388664e-03
1.166569301858544350e-03
1.165738445706665516e-03
1.164908055216073990e-03
1.164078479632735252e-03
1.163248554803431034e-03
1.162419328466057777e-03
1.161590334959328175e-03
1.160761457867920399e-03
1.159933162853121758e-03
1.159105915576219559e-03
1.158278202638030052e-03
1.157450955361127853e-03
1.156624872237443924e-03
1.155798556283116341e-03
1.154972705990076065e-03
1.154147437773644924e-03
1.153322635218501091e-03
1.152497832663357258e-03
1.151673495769500732e-03
1.150849973782896996e-03
1.150026684626936913e-03
1.149203744716942310e-03
1.148381968960165977e-03
1.147559145465493202e-03
1.146737951785326004e-03
1.145916758105158806e-03
1.145096030086278915e-03
1.144275884144008160e-03
1.143455971032381058e-03
1.142637105658650398e-03
1.141818007454276085e-03
1.140999724157154560e-03
1.140181673690676689e-03
1.139364438131451607e-03
1.138547668233513832e-03
1.137731014750897884e-03
1.136915409006178379e-03
1.136099919676780701e-03
1.135285245254635811e-03
1.134470338001847267e-03
1.133656594902276993e-03
1.132843550294637680e-03
1.132030389271676540e-03
1.131217461079359055e-03
1.130405580624938011e-03
1.129594747908413410e-03
1.128783449530601501e-03
1.127973431721329689e-03
1.127163646742701530e-03
1.126354443840682507e-03
1.125546055845916271e-03
1.124737551435828209e-03
1.123954541981220245e-03
1.123171416111290455e-03
1.122388988733291626e-03
1.121607259847223759e-03
1.120826229453086853e-03
1.120045315474271774e-03
1.119265099987387657e-03
1.118485699407756329e-03
1.117706764489412308e-03
1.116928528062999249e-03
1.116149942390620708e-03
1.115372870117425919e-03
1.114595681428909302e-03
1.113819424062967300e-03
1.113043399527668953e-03
1.112268771976232529e-03
1.111494028009474277e-03
1.110720215365290642e-03
1.109946286305785179e-03
1.109173637814819813e-03
1.108401222154498100e-03
1.107629621401429176e-03
1.106858486309647560e-03
1.106088049709796906e-03
1.105318195186555386e-03
1.104549271985888481e-03
1.103780232369899750e-03
1.103011891245841980e-03
1.102244248613715172e-03
1.101477304473519325e-03
1.100711291655898094e-03
1.099945744499564171e-03
1.099180430173873901e-03
1.098415930755436420e-03
1.097651664167642593e-03
1.096888910979032516e-03
1.096126623451709747e-03
1.095364801585674286e-03
1.094603794626891613e-03
1.093843486160039902e-03
1.093083177693188190e-03
1.092324266210198402e-03
1.091565703973174095e-03
1.090808073058724403e-03
1.090050442144274712e-03
1.089293975383043289e-03
1.088537857867777348e-03
1.087782788090407848e-03
1.087028300389647484e-03
1.086274627596139908e-03
1.085521420463919640e-03
1.084769377484917641e-03
1.084017334505915642e-03
1.083265757188200951e-03
1.082516042515635490e-03
1.081766327843070030e-03
1.081017893739044666e-03
1.080269576050341129e-03
1.079521840438246727e-03
1.078775501810014248e-03
1.078029163181781769e-03
1.077284105122089386e-03
1.076539279893040657e-03
1.075796084478497505e-03
1.075053121894598007e-03
1.074310624971985817e-03
1.073569408617913723e-03
1.072828890755772591e-03
1.072088256478309631e-03
1.071349135600030422e-03
1.070610946044325829e-03
1.069873105734586716e-03
1.069135847501456738e-03
1.068399869836866856e-03
1.067664474248886108e-03
1.066929777152836323e-03
1.066196593455970287e-03
1.065462711267173290e-03
1.064731506630778313e-03
1.063999719917774200e-03
1.063269097357988358e-03
1.062538707628846169e-03
1.061810413375496864e-03
1.061081653460860252e-03
1.060354523360729218e-03
1.059628324583172798e-03
1.058902475051581860e-03
1.058177324011921883e-03
1.057453569956123829e-03
1.056730281561613083e-03
1.056007575243711472e-03
1.055285800248384476e-03
1.054565422236919403e-03
1.053845742717385292e-03
1.053126994520425797e-03
1.052408129908144474e-03
1.051691593602299690e-03
1.050974824465811253e-03
1.050259219482541084e-03
1.049544778652489185e-03
1.048853038810193539e-03
1.048161066137254238e-03
1.047470490448176861e-03
1.046780729666352272e-03
1.046090736053884029e-03
1.045402139425277710e-03
1.044714474119246006e-03
1.044027740135788918e-03
1.043341355398297310e-03
1.042656367644667625e-03
1.041971961967647076e-03
1.041288720443844795e-03
1.040606759488582611e-03
1.039924798533320427e-03
1.039243768900632858e-03
1.038564252667129040e-03
1.037885085679590702e-03
1.037206966429948807e-03
1.036529080010950565e-03
1.035852474160492420e-03
1.035176450386643410e-03
1.034501940011978149e-03
1.033828128129243851e-03
1.033155247569084167e-03
1.032482599839568138e-03
1.031811349093914032e-03
1.031140913255512714e-03
1.030471641570329666e-03
1.029802486300468445e-03
1.029134728014469147e-03
1.028467435389757156e-03
1.027801888994872570e-03
1.027136808261275291e-03
1.026472658850252628e-03
1.025810255669057369e-03
1.025147736072540283e-03
1.024486962705850601e-03
1.023828168399631977e-03
1.023169839754700661e-03
1.022514188662171364e-03
1.021860167384147644e-03
1.021209638565778732e-03
1.020563766360282898e-03
1.019924180582165718e-03
1.019293791614472866e-03
1.018678769469261169e-03
1.018086564727127552e-03
1.017532777041196823e-03
1.017039408907294273e-03
1.016648020595312119e-03
1.016425783745944500e-03
1.016490627080202103e-03
1.017043832689523697e-03
1.018440467305481434e-03
1.021293457597494125e-03
1.026720390655100346e-03
1.036632806062698364e-03
1.054607098922133446e-03
1.086634350940585136e-03
1.144146081060171127e-03
1.244924031198024750e-03
1.422622008249163628e-03
1.716970698907971382e-03
2.193105174228549004e-03
2.832567784935235977e-03
3.557275747880339622e-03
3.864922095090150833e-03
3.426690120249986649e-03
2.188016893342137337e-03
1.163323759101331234e-03
1.121335313655436039e-03
1.814969233237206936e-03
2.303881803527474403e-03
1.954103820025920868e-03
1.247813692316412926e-03
1.019790302962064743e-03
1.399810891598463058e-03
1.734632067382335663e-03
1.529611763544380665e-03
1.109571196138858795e-03
1.026814104989171028e-03
1.289060339331626892e-03
1.438792794942855835e-03
1.251464593224227428e-03
1.021733740344643593e-03
1.047764671966433525e-03
1.219581114128232002e-03
1.247707987204194069e-03
1.096604042686522007e-03
9.958564769476652145e-04
1.060422277078032494e-03
1.152333919890224934e-03
1.123622292652726173e-03
1.023813616484403610e-03
9.963044431060552597e-04
1.055480795912444592e-03
1.092118443921208382e-03
1.050911727361381054e-03
9.960507741197943687e-04
1.000036718323826790e-03
1.035367371514439583e-03
1.030774670653045177e-03
9.962781332433223724e-04
9.902425808832049370e-04
1.012931927107274532e-03
1.017116475850343704e-03
9.955130517482757568e-04
9.853265946730971336e-04
9.979357710108160973e-04
1.005368074402213097e-03
9.937473805621266365e-04
9.829917689785361290e-04
9.880315046757459641e-04
9.955418063327670097e-04
9.909066138789057732e-04
9.819270344451069832e-04
9.818825637921690941e-04
9.874580428004264832e-04
9.872000664472579956e-04
9.810820920392870903e-04
9.783455170691013336e-04
9.812264470383524895e-04
9.828831534832715988e-04
9.797430830076336861e-04
9.763230336830019951e-04
9.767548181116580963e-04
9.785363217815756798e-04
9.776314254850149155e-04
9.748786687850952148e-04
9.737509535625576973e-04
9.746500290930271149e-04
9.749033488333225250e-04
9.733290644362568855e-04
9.716947097331285477e-04
9.715277701616287231e-04
9.719319641590118408e-04
9.713694453239440918e-04
9.700083173811435699e-04
9.691482409834861755e-04
9.691283339634537697e-04
9.690324077382683754e-04
9.682391537353396416e-04
9.672386804595589638e-04
9.667240665294229984e-04
9.665831457823514938e-04
9.662099764682352543e-04
9.654448367655277252e-04
9.647017577663064003e-04
9.642891818657517433e-04
9.640103671699762344e-04
9.635291644372045994e-04
9.628515108488500118e-04
9.622473735362291336e-04
9.618398034945130348e-04
9.614708833396434784e-04
9.609659900888800621e-04
9.603631915524601936e-04
9.598232572898268700e-04
9.593971190042793751e-04
9.589806431904435158e-04
9.584805229678750038e-04
9.579295292496681213e-04
9.574194555170834064e-04
9.569749236106872559e-04
9.565354557707905769e-04
9.560474427416920662e-04
9.555294527672231197e-04
9.550339891575276852e-04
9.545771172270178795e-04
9.541275212541222572e-04
9.536506840959191322e-04
9.531537652947008610e-04
9.526673238724470139e-04
9.522042237222194672e-04
9.517490398138761520e-04
9.512816322967410088e-04
9.507999056950211525e-04
9.503202745690941811e-04
9.498536819592118263e-04
9.493961115367710590e-04
9.489344083704054356e-04
9.484642650932073593e-04
9.479915024712681770e-04
9.475259575992822647e-04
9.470672812312841415e-04
9.466091869398951530e-04
9.461469599045813084e-04
9.456812404096126556e-04
9.452182566747069359e-04
9.447592310607433319e-04
9.443034650757908821e-04
9.438472916372120380e-04
9.433883242309093475e-04
9.429291822016239166e-04
9.424723684787750244e-04
9.420186979696154594e-04
9.415656095370650291e-04
9.411126375198364258e-04
9.406582685187458992e-04
9.402048308402299881e-04
9.397667017765343189e-04
9.393300861120223999e-04
9.388942271471023560e-04
9.384576696902513504e-04
9.380215778946876526e-04
9.375866502523422241e-04
9.371532360091805458e-04
9.367204620502889156e-04
9.362875716760754585e-04
9.358552633784711361e-04
9.354236535727977753e-04
9.349932661280035973e-04
9.345632279291749001e-04
9.341343538835644722e-04
9.337051305919885635e-04
9.332770714536309242e-04
9.328493615612387657e-04
9.324229904450476170e-04
9.319970849901437759e-04
9.315710049122571945e-04
9.311460889875888824e-04
9.307223372161388397e-04
9.302982944063842297e-04
9.298761142417788506e-04
9.294531773775815964e-04
9.290314046666026115e-04
9.286105632781982422e-04
9.281900711357593536e-04
9.277708595618605614e-04
9.273517061956226826e-04
9.269330184906721115e-04
9.265153203159570694e-04
9.260976221412420273e-04
9.256810881197452545e-04
9.252656018361449242e-04
9.248498827219009399e-04
9.244347456842660904e-04
9.240207145921885967e-04
9.236069163307547569e-04
9.231943404302000999e-04
9.227819391526281834e-04
9.223702363669872284e-04
9.219592902809381485e-04
9.215488098561763763e-04
9.211387368850409985e-04
9.207292459905147552e-04
9.203210938721895218e-04
9.199128253385424614e-04
9.195057791657745838e-04
9.190989658236503601e-04
9.186923271045088768e-04
9.182868525385856628e-04
9.178817854262888432e-04
9.174774750135838985e-04
9.170732810162007809e-04
9.166699601337313652e-04
9.162674541585147381e-04
9.158655302599072456e-04
9.154637227766215801e-04
9.150631958618760109e-04
9.146627853624522686e-04
9.142630151472985744e-04
9.138637688010931015e-04
9.134656284004449844e-04
9.130674879997968674e-04
9.126698132604360580e-04
9.122728370130062103e-04
9.118767338804900646e-04
9.114809217862784863e-04
9.110860992223024368e-04
9.106913348659873009e-04
9.102972690016031265e-04
9.099040180444717407e-04
9.095111745409667492e-04
9.091188549064099789e-04
9.087273501791059971e-04
9.083359036594629288e-04
9.079453302547335625e-04
9.075555717572569847e-04
9.071659296751022339e-04
9.067772189155220985e-04
9.063889738172292709e-04
9.060008451342582703e-04
9.056136477738618851e-04
9.052269160747528076e-04
9.048403589986264706e-04
9.044550824910402298e-04
9.040699806064367294e-04
9.036853443831205368e-04
9.033017558977007866e-04
9.029179345816373825e-04
9.025348699651658535e-04
9.021528530865907669e-04
9.017706615850329399e-04
9.013895178213715553e-04
9.010084904730319977e-04
9.006282198242843151e-04
9.002487640827894211e-04
8.998695411719381809e-04
8.994910167530179024e-04
8.991240756586194038e-04
8.987578330561518669e-04
8.983918232843279839e-04
8.980262209661304951e-04
8.976617828011512756e-04
8.972971700131893158e-04
8.969336631707847118e-04
8.965694578364491463e-04
8.962067076936364174e-04
8.958440739661455154e-04
8.954823715612292290e-04
8.951210184022784233e-04
8.947598980739712715e-04
8.943994762375950813e-04
8.940391708165407181e-04
8.936792728491127491e-04
8.933200151659548283e-04
8.929616305977106094e-04
8.926031878218054771e-04
8.922454435378313065e-04
8.918879902921617031e-04
8.915304206311702728e-04
8.911741897463798523e-04
8.908181916922330856e-04
8.904625428840517998e-04
8.901075343601405621e-04
8.897526422515511513e-04
8.893985068425536156e-04
8.890447788871824741e-04
8.886910509318113327e-04
8.883381960913538933e-04
8.879855158738791943e-04
8.876339998096227646e-04
8.872824255377054214e-04
8.869308512657880783e-04
8.865795098245143890e-04
8.862294489517807961e-04
8.858795044943690300e-04
8.855304331518709660e-04
8.851808379404246807e-04
8.848324650898575783e-04
8.844841504469513893e-04
8.841363596729934216e-04
8.837891509756445885e-04
8.834413602016866207e-04
8.830953738652169704e-04
8.827489800751209259e-04
8.824034593999385834e-04
8.820577058941125870e-04
8.817127672955393791e-04
8.813681779429316521e-04
8.810242870822548866e-04
8.806802798062562943e-04
8.803366799838840961e-04
8.799943025223910809e-04
8.796516922302544117e-04
8.793089073151350021e-04
8.789675193838775158e-04
8.786262478679418564e-04
8.782850345596671104e-04
8.779444615356624126e-04
8.776042377576231956e-04
8.772645378485321999e-04
8.769248379394412041e-04
8.765856036916375160e-04
8.762471843510866165e-04
8.759089396335184574e-04
8.755711023695766926e-04
8.752333233132958412e-04
8.748957770876586437e-04
8.745589875616133213e-04
8.742226054891943932e-04
8.738865726627409458e-04
8.735506562516093254e-04
8.732154383324086666e-04
8.728805696591734886e-04
8.725459920242428780e-04
8.722111815586686134e-04
8.718773024156689644e-04
8.715438307262957096e-04
8.712104754522442818e-04
8.708776440471410751e-04
8.705452783033251762e-04
8.702130289748311043e-04
8.698814199306070805e-04
8.695499273017048836e-04
8.692184928804636002e-04
8.688876405358314514e-04
8.685573120601475239e-04
8.682269835844635963e-04
8.678971207700669765e-04
8.675680728629231453e-04
8.672389667481184006e-04
8.669101516716182232e-04
8.665814530104398727e-04
8.662532782182097435e-04
8.659257437102496624e-04
8.655982674099504948e-04
8.652711403556168079e-04
8.649441297166049480e-04
8.646276546642184258e-04
8.643109467811882496e-04
8.639949955977499485e-04
8.636792190372943878e-04
8.633633842691779137e-04
8.630483644083142281e-04
8.627334609627723694e-04
8.624189649708569050e-04
8.621044689789414406e-04
8.617904968559741974e-04
8.614767575636506081e-04
8.611632511019706726e-04
8.608503267168998718e-04
8.605375187471508980e-04
8.602244197390973568e-04
8.599123102612793446e-04
8.596002007834613323e-04
8.592883823439478874e-04
8.589765056967735291e-04
8.586653857491910458e-04
8.583543240092694759e-04
8.580437861382961273e-04
8.577333064749836922e-04
8.574232924729585648e-04
8.571127546019852161e-04
8.568032062612473965e-04
8.564942399971187115e-04
8.561848662793636322e-04
8.558760164305567741e-04
8.555669919587671757e-04
8.552585495635867119e-04
8.549503982067108154e-04
8.546428871341049671e-04
8.543349104002118111e-04
8.540271082893013954e-04
8.537204703316092491e-04
8.534133667126297951e-04
8.531069033779203892e-04
8.528006146661937237e-04
8.524942677468061447e-04
8.521879208274185658e-04
8.518821559846401215e-04
8.515771478414535522e-04
8.512715576216578484e-04
8.509668987244367599e-04
8.506620069965720177e-04
8.503574063070118427e-04
8.500535041093826294e-04
8.497491944581270218e-04
8.494455832988023758e-04
8.491423213854432106e-04
8.488382445648312569e-04
8.485356811434030533e-04
8.482325356453657150e-04
8.479298558086156845e-04
8.476277580484747887e-04
8.473253110423684120e-04
8.470241446048021317e-04
8.467223960906267166e-04
8.464221027679741383e-04
8.461220422759652138e-04
8.458230877295136452e-04
8.455258794128894806e-04
8.452311158180236816e-04
8.449403103440999985e-04
8.446564897894859314e-04
8.443837286904454231e-04
8.441297686658799648e-04
8.439084631390869617e-04
8.437428041361272335e-04
8.436754578724503517e-04
8.437806973233819008e-04
8.441919926553964615e-04
8.451507892459630966e-04
8.471010951325297356e-04
8.508389582857489586e-04
8.578705601394176483e-04
8.708841633051633835e-04
8.950763149186968803e-04
9.394397493451833725e-04
1.021597534418106079e-03
1.168932300060987473e-03
1.433173194527626038e-03
1.864361460320651531e-03
2.528134267777204514e-03
3.268032800406217575e-03
3.791137132793664932e-03
3.359016031026840210e-03
2.127682790160179138e-03
1.001870608888566494e-03
9.861290454864501953e-04
1.769399037584662437e-03
2.186140511184930801e-03
1.704383175820112228e-03
9.670722065493464470e-04
9.330072207376360893e-04
1.437975792214274406e-03
1.597156282514333725e-03
1.189495436847209930e-03
