1.439127955325680483e-02
1.451676957045384617e-02
1.462238416142879090e-02
1.473241161255638837e-02
1.487896532405512569e-02
1.510751460062259750e-02
1.536469682874295681e-02
1.556203957141252120e-02
1.567087391856243628e-02
1.574271629105689074e-02
1.579445932356943888e-02
1.580058978260527255e-02
1.573905392374792822e-02
1.566154037577085004e-02
1.563203401306448304e-02
1.561682027138821052e-02
1.556354764211552097e-02
1.546598101990712647e-02
1.534039971214051258e-02
1.519164645267610803e-02
1.503426915248971124e-02
1.489439103824779023e-02
1.477348522557818400e-02
1.465560921539923837e-02
1.454080726936249519e-02
1.445277367154813343e-02
1.439365427757245859e-02
1.435458095083560516e-02
1.432218426755391648e-02
1.429428648178822717e-02
1.427401965954005862e-02
1.426268007734305537e-02
1.426407727848112879e-02
1.428473169900050348e-02
1.431698044019075536e-02
1.434657168682650086e-02
1.437592130853865280e-02
1.442559237679658275e-02
1.450633348952346316e-02
1.462223966410320514e-02
1.478030501263273219e-02
1.499556971339964517e-02
1.527386618556146949e-02
1.565472307769556759e-02
1.616507168529657951e-02
1.680824977629402639e-02
1.754206136068240524e-02
1.838378215073475236e-02
1.928906507724446537e-02
2.028750794906713020e-02
2.045064644023587494e-02
1.920583842250468687e-02
1.716076255276269974e-02
1.527864519970501510e-02
1.430618570495238370e-02
1.450586117780701054e-02
1.537880763428925955e-02
1.622624490913654460e-02
1.661782062482365652e-02
1.641321643398517896e-02
1.575609054851979246e-02
1.499699069214394109e-02
1.446171656649173666e-02
1.425316231318803431e-02
1.426968993215919738e-02
1.435176564860791114e-02
1.442089059188247403e-02
1.452515966185940685e-02
1.464888707039184272e-02
1.465087338483689501e-02
1.450311485789592889e-02
1.427801114705297934e-02
1.407580014853090748e-02
1.391321012847709059e-02
1.378948092201380191e-02
1.375125732706940218e-02
1.382360349762039656e-02
1.399163792897446627e-02
1.419598712022771859e-02
1.436752305757224395e-02
1.445765232449593325e-02
1.444371107395936785e-02
1.433290902996288765e-02
1.415179372093725539e-02
1.395506115745588638e-02
1.378413901235248616e-02
1.367230363652581666e-02
1.361559799068339655e-02
1.358703624303198021e-02
1.358100746810198510e-02
1.360072928011816021e-02
1.363734758763165446e-02
1.368488266713380197e-02
1.373831300667834043e-02
1.378831114177725588e-02
1.383315069834582627e-02
1.387162622353357508e-02
1.390408193743363809e-02
1.392816989687588151e-02
1.395127988079865322e-02
1.396590560061865792e-02
1.398375603157175559e-02
1.402232495152874042e-02
1.408902735127739829e-02
1.413469784204492673e-02
1.408578364425109621e-02
1.397534455614551918e-02
1.388301783686040139e-02
1.385852938289354984e-02
1.383735927496167716e-02
1.373868774100285052e-02
1.362908904003705575e-02
1.355428270377634532e-02
1.351753961260739913e-02
1.350841895603853947e-02
1.347688905723907690e-02
1.345461484628771888e-02
1.350107852120259640e-02
1.359629343357070946e-02
1.370801632048874313e-02
1.382685530736817159e-02
1.395280842635599969e-02
1.407975224320920024e-02
1.420230616238663847e-02
1.431847081354237911e-02
1.444714853237074291e-02
1.461254745751751349e-02
1.482722504196586598e-02
1.510002968093994077e-02
1.542902265482321011e-02
1.582982794602504073e-02
1.630880101450121050e-02
1.687482912108539609e-02
1.759355703745175969e-02
1.841886970387929257e-02
1.935915306195242283e-02
2.044208623036716452e-02
2.165700302483190495e-02
2.288789625959991580e-02
2.398037031644285194e-02
2.459724710506631593e-02
2.462349467151226864e-02
2.389860727536018484e-02
2.239494721277768274e-02
2.030023228701552385e-02
1.814191781289429400e-02
1.654583279077173966e-02
1.593388067759669152e-02
1.634961591494563798e-02
1.742815764024851360e-02
1.802936671371230259e-02
1.721958935418744716e-02
1.550677615707243134e-02
1.390269862798527295e-02
1.328812576394667981e-02
1.379940958211132301e-02
1.483951611989026143e-02
1.560140200658105374e-02
1.556440625248921641e-02
1.479397125970348045e-02
1.377660746290162302e-02
1.314073848260629944e-02
1.318804945464038640e-02
1.372181348647696225e-02
1.428240084853160501e-02
1.450566602580130766e-02
1.429211925695605956e-02
1.381325975571794269e-02
1.334441337362579118e-02
1.308484135488827659e-02
1.307555498735126116e-02
1.323984214369076581e-02
1.344198364989422460e-02
1.355572295212500306e-02
1.353800050541291086e-02
1.342070624257137891e-02
1.327883936118783893e-02
1.317471531152470537e-02
1.313977607455325824e-02
1.315764832538664567e-02
1.319556896836507343e-02
1.322175175444257299e-02
1.320986674784338163e-02
1.315829667248826114e-02
1.307375156443051079e-02
1.298011043237581527e-02
1.291392638452179380e-02
1.289924881535297468e-02
1.292451728958086271e-02
1.296588946822909393e-02
1.300040126463053274e-02
1.301223542999477290e-02
1.299828870083305499e-02
1.297055543463518368e-02
1.294654088584213346e-02
1.293476805792960309e-02
1.294276810748625287e-02
1.297424088691857998e-02
1.303730376802516612e-02
1.312280872829801187e-02
1.322008579064931980e-02
1.332071161981508191e-02
1.341944193058976394e-02
1.350459997345953601e-02
1.356888954170773660e-02
1.362009890783537347e-02
1.368172559020429911e-02
1.375369365207759070e-02
1.383217694290567699e-02
1.392718362426293745e-02
1.404424785377926532e-02
1.418608462178930045e-02
1.437496308201079154e-02
1.462847648592100792e-02
1.495291810962503035e-02
1.535778449536055051e-02
1.584664457529454812e-02
1.636575829589307154e-02
1.690599398866401287e-02
1.746681793635283461e-02
1.803269961131968857e-02
1.847296343238812033e-02
1.867520364545091974e-02
1.854046349392757947e-02
1.813182166604204379e-02
1.744072140720245856e-02
1.658909947753508390e-02
1.563959658563400523e-02
1.473995758450965046e-02
1.395923441558749416e-02
1.336359559016466088e-02
1.300579489709875226e-02
1.288420354604885056e-02
1.293617723748314782e-02
1.307671765201453944e-02
1.324603923286909665e-02
1.339872139061520744e-02
1.351369577344678670e-02
1.356459699942075443e-02
1.353679401664031022e-02
1.343710727487184078e-02
1.330093583310671713e-02
1.315448230871581019e-02
1.301849433996155221e-02
1.290236704938156100e-02
1.280564578201090487e-02
1.273371661243285526e-02
1.268436308873062239e-02
1.265331790689993782e-02
1.264068851896488210e-02
1.263184290973081055e-02
1.261236229072838777e-02
1.258329744242509332e-02
1.254670291712657072e-02
1.250041617017332365e-02
1.246569759046660918e-02
1.245862888420832398e-02
1.248063126452718906e-02
1.252007924859035483e-02
1.256120221936508734e-02
1.256468153827080235e-02
1.251883106148829472e-02
1.245655725537701992e-02
1.241010519955843515e-02
1.238963892761351174e-02
1.239591504848892335e-02
1.241857197506830365e-02
1.242768396001394000e-02
1.241857458796482953e-02
1.239569641575962583e-02
1.236863368821281353e-02
1.234844589308212517e-02
1.234697599023733446e-02
1.235759339215852792e-02
1.237424056552182371e-02
1.238300593570094109e-02
1.237837825878104932e-02
1.236073889545808401e-02
1.233487908330830642e-02
1.230847804762463457e-02
1.228537616658653686e-02
1.227226401894566596e-02
1.226596448357076749e-02
1.226575704649002230e-02
1.227710054718990362e-02
1.230721824137060751e-02
1.236172162810522321e-02
1.243726754235674123e-02
1.252950002313225550e-02
1.264127224208501724e-02
1.277738831221037451e-02
1.293858669625747720e-02
1.310522330325865521e-02
1.326157648133806724e-02
1.338807678894457336e-02
1.344257921999692483e-02
1.341154062289656376e-02
1.329608134353819221e-02
1.313895002811649344e-02
1.295583586344205632e-02
1.278039471380314381e-02
1.263093600983592954e-02
1.250337505526245320e-02
1.239800012614295475e-02
1.232488379365211974e-02
1.228001238463241954e-02
1.225118292799640476e-02
1.224282812736851578e-02
1.225034745806925264e-02
1.228972423137088786e-02
1.237543204960594306e-02
1.247871500764669191e-02
1.255546220148282509e-02
1.258054209195419090e-02
1.259201690930637427e-02
1.264711108663802049e-02
1.274205111410294314e-02
1.284689798106483823e-02
1.295616255206605630e-02
1.312267524109801166e-02
1.338526295105579855e-02
1.376239002909115418e-02
1.420344393458811832e-02
1.465045118636560187e-02
1.511514735302004267e-02
1.561023495676630568e-02
1.611311945070809798e-02
1.656234272599461585e-02
1.689479307847246981e-02
1.706851633356849807e-02
1.704199762031195081e-02
1.680384707438342673e-02
1.632723335121634423e-02
1.563582305335599679e-02
1.482731421697279853e-02
1.402153451653648762e-02
1.331458500570912445e-02
1.276794599430654611e-02
1.240566721193136698e-02
1.223637486477566552e-02
1.225331081908411987e-02
1.242106615623687384e-02
1.265878746351131040e-02
1.289464684004281401e-02
1.308084194794069052e-02
1.321231052000728344e-02
1.327752071186995980e-02
1.324408816908154325e-02
1.312416327429375036e-02
1.295321177817626047e-02
1.263665989904291277e-02
1.222182928011107152e-02
1.192283512514730366e-02
1.185054541107364093e-02
1.197810219060453825e-02
1.221463657555080067e-02
1.243196646365728880e-02
1.254050128250427769e-02
1.250942181429006567e-02
1.235816871210042647e-02
1.215788991179421810e-02
1.197946157606625227e-02
1.186619579090629484e-02
1.183659391703879675e-02
1.188288479623988633e-02
1.199394734100421751e-02
1.214017161514464004e-02
1.227697677811795743e-02
1.236833219087911211e-02
1.239414646801898640e-02
1.235073809368180363e-02
1.224496573588202200e-02
1.210763982429195057e-02
1.197169258806207379e-02
1.186037656508002504e-02
1.179159849342864899e-02
1.176986830230604582e-02
1.179317763017882076e-02
1.185225086532980254e-02
1.193305296612959775e-02
1.202656402579964368e-02
1.213134929971718470e-02
1.225279037048750651e-02
1.237772763972379807e-02
1.249383328695343430e-02
1.260311702195705645e-02
1.271258651203059815e-02
1.284812190265921701e-02
1.301816847530324825e-02
1.320135164303793372e-02
1.340268785621080011e-02
1.364709968481377968e-02
1.393194703519187727e-02
1.420241694971732631e-02
1.449815892285439244e-02
1.481339687145641522e-02
1.514180128985104234e-02
1.542762666194236187e-02
1.567925056288436286e-02
1.582071415865412070e-02
1.580823598466640778e-02
1.556122609301402275e-02
1.512436415518972344e-02
1.456956900320484707e-02
1.400625806021372696e-02
1.347746015347837945e-02
1.305786266388609188e-02
1.273695328228657830e-02
1.252730947214403777e-02
1.241378239388920592e-02
1.237344205468033850e-02
1.238148161243350122e-02
1.239555574475842067e-02
1.239012352909747705e-02
1.235482650817560160e-02
1.224018413768155136e-02
1.206225431476323946e-02
1.190808755946569202e-02
1.187264887674480823e-02
1.192309292523885227e-02
1.199502530653548567e-02
1.212528630687767159e-02
1.236168732175732705e-02
1.264847821224583495e-02
1.291809156241785668e-02
1.311408062369151355e-02
1.323912430820575574e-02
1.329354279792173583e-02
1.328889369432555492e-02
1.322886932386033339e-02
1.313967478331526210e-02
1.307457558432963650e-02
1.303752736069376493e-02
1.302131243936973694e-02
1.301709074786417362e-02
1.300715594868197961e-02
1.297153293383790720e-02
1.291277511699804800e-02
1.284755739327577209e-02
1.281374747335731028e-02
1.283362598094306938e-02
1.291908636141818681e-02
1.308207686647899597e-02
1.332730444765955688e-02
1.361747595080395855e-02
1.393129121443672375e-02
1.423308995558778163e-02
1.451984050343205733e-02
1.480505834865547543e-02
1.509843420466203817e-02
1.486425136143392639e-02
1.386744194128910340e-02
1.260934363198700295e-02
1.167771041400932942e-02
1.136093880913315556e-02
1.165051078647245941e-02
1.226110417044718424e-02
1.281616434150141190e-02
1.303870654483457389e-02
1.283159278590378059e-02
1.237815214289753052e-02
1.186511628182732730e-02
1.147970344527238229e-02
1.132514520115228580e-02
1.138387112985076929e-02
1.157006421505513659e-02
1.178465706661173222e-02
1.196201966341801058e-02
1.203240243371321051e-02
1.194771194809268917e-02
1.174589189528416761e-02
1.152238260945311760e-02
1.136090109973064352e-02
1.130961548170715189e-02
1.136204533350981122e-02
1.146745325681909101e-02
1.155610483925402845e-02
1.157138658327597908e-02
1.156489752668356762e-02
1.155748720370108028e-02
1.158166241597955066e-02
1.163894869087036057e-02
1.162957877651911442e-02
1.152225037666257564e-02
1.140378496593653750e-02
1.135651989492899791e-02
1.136631285204014845e-02
1.132187194711085920e-02
1.123586274215326690e-02
1.120761481387539706e-02
1.128917534939783557e-02
1.137046293693954289e-02
1.136345345959282292e-02
1.133756953976868855e-02
1.136579353485192394e-02
1.139812053825151397e-02
1.138591152354222202e-02
1.129722656212202650e-02
1.121618809544186988e-02
1.119843033302375841e-02
1.118031614013405457e-02
1.112039495288789405e-02
1.108063239768916977e-02
1.109979354059851923e-02
1.111143307639269294e-02
1.107647860908731602e-02
1.105677011705941300e-02
1.109094047040384313e-02
1.112418808766464824e-02
1.114350628643944602e-02
1.120552459513470336e-02
1.134312242430687498e-02
1.154151585883026951e-02
1.180508392150570254e-02
1.217408919859007572e-02
1.269693905765698766e-02
1.338761693714757284e-02
1.429356433601368555e-02
1.546203142689423979e-02
1.693433294288187313e-02
1.866219371781621672e-02
2.063624474623251479e-02
2.256546176879402343e-02
2.398396034714418701e-02
2.404623978862939840e-02
2.264608535492696265e-02
1.993611967237208030e-02
1.681478228289538107e-02
1.413946640766675956e-02
1.263486435885982292e-02
1.243020831995518376e-02
1.319532155492444264e-02
1.425383619645975014e-02
1.495486128591876594e-02
1.487593260299855877e-02
1.404154022288128800e-02
1.282751126189258031e-02
1.170281755102452192e-02
1.107802463729943079e-02
1.110029017006063622e-02
1.159032689814508237e-02
1.220788223201642840e-02
1.266923397479510945e-02
1.280125047473484358e-02
1.257074443996321518e-02
1.209872878323736342e-02
1.156259664588104620e-02
1.112929973902480191e-02
1.090968038944155165e-02
1.092638626124287776e-02
1.106491176955178707e-02
1.115581472826173391e-02
1.112778886062248257e-02
1.101504016165550867e-02
1.089182933073350873e-02
1.084401581150370129e-02
1.088455562746543613e-02
1.094587468626973849e-02
1.096062462472389282e-02
1.091644846717114425e-02
1.084178113065950751e-02
1.077969742908112954e-02
1.076514237079967407e-02
1.079467792300456419e-02
1.083847474029417911e-02
1.085953093729255352e-02
1.084344307274306453e-02
1.080557089575088711e-02
1.076417847244294859e-02
1.073848880840708522e-02
1.073069474240504785e-02
1.073804588887246683e-02
1.075060974117630908e-02
1.076992013877303873e-02
1.079383968760239121e-02
1.081638680234789894e-02
1.082779566502532244e-02
1.082672987689687130e-02
1.081796794261634907e-02
1.080240494348866723e-02
1.079843536237762476e-02
1.079739620186044233e-02
1.077165358764233145e-02
1.073796706322000492e-02
1.071011611051633436e-02
1.068004231888747789e-02
1.064810447761833402e-02
1.062312582693337136e-02
1.061112067084291760e-02
1.060518592389094947e-02
1.059765623843186497e-02
1.059191390672192465e-02
1.059203512359955038e-02
1.059454426708917631e-02
1.059580725166449702e-02
1.059604394319804514e-02
1.059733502402224192e-02
1.060203084072301218e-02
1.060751141466250054e-02
1.061595990374463068e-02
1.062618364234138753e-02
1.063803111152919652e-02
1.064967516603681184e-02
1.066335835995512599e-02
1.068535936347871605e-02
1.071031717087216235e-02
1.071930726958073704e-02
1.071009398455089606e-02
1.069017187190969553e-02
1.065972348349022471e-02
1.062387344094541802e-02
1.059166931662677141e-02
1.056283507925154415e-02
1.053928033046003764e-02
1.051751229198906804e-02
1.049981017450074897e-02
1.048270207752804647e-02
1.047086324130873207e-02
1.046924684088346158e-02
1.047338943755622524e-02
1.048534050135037018e-02
1.049921126913244164e-02
1.050489491832874885e-02
1.050887425174072860e-02
1.051405710873451645e-02
1.052037935382951934e-02
1.052731244860634352e-02
1.054025210869450474e-02
1.056388793324165506e-02
1.061209088552308825e-02
1.069604134740073306e-02
1.080548365044165654e-02
1.089367335259367256e-02
1.096701551973679363e-02
1.106343883072311365e-02
1.120359053200590052e-02
1.137978927178451283e-02
1.156705471960691074e-02
1.175557463983587306e-02
1.198324021222857416e-02
1.228659985108893592e-02
1.263826356928526677e-02
1.309008892835430288e-02
1.371102737741314130e-02
1.455781693412850492e-02
1.568805916878547244e-02
1.721210993749101859e-02
1.928458924423201090e-02
2.207230485484487637e-02
2.511349401314774687e-02
2.567286587023823174e-02
2.184609212392758099e-02
1.610851844469091132e-02
1.167208458110415015e-02
1.081822422697100057e-02
1.317454995770165477e-02
1.615090573429532259e-02
1.705676113297271632e-02
1.529483382297190143e-02
1.257367503029770649e-02
1.086111460493290222e-02
1.089632443508308131e-02
1.214594360769831287e-02
1.333519885833483673e-02
1.339845124264319592e-02
1.221593707042831559e-02
1.086506252133432639e-02
1.037032450910775269e-02
1.088774603810177544e-02
1.172504957229384553e-02
1.207836815708774117e-02
1.172947134582519486e-02
1.099926250750441099e-02
1.041241451564661399e-02
1.034333587077698562e-02
1.075839563887235999e-02
1.122388770330578697e-02
1.131334503999060180e-02
1.096489909366397952e-02
1.050415902730418918e-02
1.024448273277448786e-02
1.026247018618094489e-02
1.046168854848340303e-02
1.067000158861623749e-02
1.072006534363192758e-02
1.058188198137467208e-02
1.037336751505863429e-02
1.022287635215079864e-02
1.019435151093580835e-02
1.026092209048136937e-02
1.036080999147916473e-02
1.042414622436348658e-02
1.040936971410252182e-02
1.032518876577291633e-02
1.021682969408575954e-02
1.014339125385712616e-02
1.013068868217559954e-02
1.016478162574080413e-02
1.020992878200861764e-02
1.023418674276770080e-02
1.022351223866582379e-02
1.018460499211614433e-02
1.013755191417741591e-02
1.009964738464085368e-02
1.008270454968319269e-02
1.008314573876541165e-02
1.009637743331581045e-02
1.011810116033396746e-02
1.013685512053920552e-02
1.014356456022271098e-02
1.013466684162389435e-02
1.010521182145846138e-02
1.007256545515702005e-02
1.004946750204856361e-02
1.003759441244923140e-02
1.003661190717017315e-02
1.004308142557784611e-02
1.005282480596451054e-02
1.005909703359825907e-02
1.005785615455290043e-02
1.005263599176642320e-02
1.004788498331933566e-02
1.003969489070903089e-02
1.003056795012026089e-02
1.001740506304983798e-02
1.000507207679369841e-02
9.995452246743835589e-03
9.985293693864201459e-03
9.977306693340409413e-03
9.972504318017867339e-03
9.968834652390609619e-03
9.963623532252347675e-03
9.958239827069642613e-03
9.952998330060304835e-03
9.951628845190156267e-03
9.954523551572436874e-03
9.960899633504067402e-03
9.971608425063080081e-03
9.987459874189728165e-03
1.000768685979296080e-02
1.003084204602743001e-02
1.005631184455598945e-02
1.008712189990655650e-02
1.012918532381089538e-02
1.018012959035614722e-02
1.022977832819844078e-02
1.026759324942292696e-02
1.029626909016783699e-02
1.032039218133619721e-02
1.034566423588084358e-02
1.032042085509861720e-02
1.022146205763488878e-02
1.009128783649670263e-02
9.972636034452002016e-03
9.895222219584453444e-03
9.861159714647630553e-03
9.857236266318000761e-03
9.883499056484796458e-03
9.938529330171759490e-03
1.000770372941709591e-02
1.008306108727005136e-02
1.014825574701188997e-02
1.018666613982056879e-02
1.019417442519572961e-02
1.016825748123100642e-02
1.011353355201902171e-02
1.004388882597866128e-02
9.967704794119153222e-03
9.899868854971412280e-03
9.852101579879150167e-03
9.822684886898074008e-03
9.807494572805436697e-03
9.800064277020004849e-03
9.789951864584216581e-03
9.781860294615645976e-03
9.775476905652846077e-03
9.775617134168600175e-03
9.796350020085310695e-03
9.817715239077101294e-03
9.809336705435439327e-03
9.802462400023356087e-03
9.816651337067189287e-03
9.844255339729234000e-03
9.867445226587338164e-03
9.887691286865254309e-03
9.949540150158728974e-03
1.005010151185078623e-02
1.011512793475156068e-02
1.014288820961434592e-02
1.018648603903030657e-02
1.024010026380549332e-02
1.028220920465461319e-02
1.029200596383729981e-02
1.027695464576772189e-02
1.025184871775177212e-02
1.022745441752400536e-02
1.018463953996564045e-02
1.014418785084645822e-02
1.013737678441819882e-02
1.015773025878870597e-02
1.018650479728063461e-02
1.022016168884992519e-02
1.027169424954131258e-02
1.035016182804690370e-02
1.044128696826618699e-02
1.054055709780083588e-02
1.066512181275079164e-02
1.079732209161474513e-02
1.090171898322208482e-02
1.099083466005663576e-02
1.109508750597212705e-02
1.123317474618453979e-02
1.139449754950768411e-02
1.157500234249122725e-02
1.178798752986813698e-02
1.201380493495308836e-02
1.218091463061376362e-02
1.229628858892712132e-02
1.235688503397457116e-02
1.233538433849774331e-02
1.220838189706363250e-02
1.202273442632375774e-02
1.179199377918899172e-02
1.152921454694037784e-02
1.124581976308362298e-02
1.097473378608018572e-02
1.071282505241268751e-02
1.046407511985720379e-02
1.024049040129147888e-02
1.005934574025743947e-02
9.918916222928170559e-03
9.802074565839848097e-03
9.712331946244150138e-03
9.659462047887923397e-03
9.651956802196725443e-03
9.682759357126525385e-03
9.728113568525854904e-03
9.770596866820434323e-03
9.818115694145958250e-03
9.867794753449411413e-03
9.896925059194899843e-03
9.890158820192968686e-03
9.853866222207362940e-03
9.829240601011764167e-03
9.845625628207503588e-03
9.854360382207327795e-03
9.804411498190598873e-03
9.720085164479697060e-03
9.658404049901807287e-03
9.622509770846037619e-03
9.584813340875235343e-03
9.544307541440640724e-03
9.533557368418371994e-03
9.557194725926258100e-03
9.588129547176745676e-03
9.600237411773352575e-03
9.590578336853661928e-03
9.567217593410642928e-03
9.534536978606084762e-03
9.505625699271737922e-03
9.510330583600956622e-03
9.547476199273140576e-03
9.599875725375241545e-03
9.647810583908303372e-03
9.663335582252527770e-03
9.642202561415352466e-03
9.605251489021412320e-03
9.584337950141234852e-03
9.572381509757711335e-03
9.527791836350158264e-03
9.460308100408813814e-03
9.410849329439474609e-03
9.419058089134983366e-03
9.478388787227457618e-03
9.507664904222036528e-03
9.499135293360464957e-03
9.484589899948799377e-03
9.527436103259612904e-03
9.658980424206042859e-03
9.840436047978164125e-03
1.002743299999705844e-02
1.025058097630414909e-02
1.056366420701760657e-02
1.091684476369959161e-02
1.126751150872952988e-02
1.165668399199742272e-02
1.210017571371597642e-02
1.252346424147404540e-02
1.284715964566953209e-02
1.307981320380413245e-02
1.325270265728086330e-02
1.333405669491437642e-02
1.319430374105845689e-02
1.277521439311085638e-02
1.220807702119925016e-02
1.161526785380779733e-02
1.102698891732280771e-02
1.042042501569466831e-02
9.873549188322196940e-03
9.533095681380518091e-03
9.418582805333952299e-03
9.461033007947757673e-03
9.621655982350037911e-03
9.846634237736908227e-03
1.003852097705775284e-02
1.008305082088951747e-02
9.995632524291276147e-03
9.852245354230661223e-03
9.691162765720035682e-03
9.522024424467468579e-03
9.383561584461163826e-03
9.322161626523158690e-03
9.320211890330241944e-03
9.368943984795263802e-03
9.488600488371091643e-03
9.660448913491107709e-03
9.826887346875224152e-03
1.000018685054051421e-02
1.020651560201755841e-02
1.043345793874390741e-02
1.064864458301271327e-02
1.086621004911925321e-02
1.108283706610548730e-02
1.130396813900479830e-02
1.154111863406025694e-02
1.181515069006702431e-02
1.212006259976910333e-02
1.246455170474614765e-02
1.279798518411896270e-02
1.310268165762332529e-02
1.332660795916087472e-02
1.347203148849322393e-02
1.345264519555285261e-02
1.329440469693811237e-02
1.297219818687193015e-02
1.247684397125688877e-02
1.182912603696588058e-02
1.118934851590387691e-02
1.063176662469439773e-02
1.020658119517403248e-02
9.966805892027497463e-03
9.948252068747697949e-03
1.013170530195061335e-02
1.039171020439537234e-02
1.057414548445040521e-02
1.068549523775853306e-02
1.074886540618031835e-02
1.066858189562305999e-02
1.044997887851240384e-02
1.016341247706768064e-02
9.749827762958775124e-03
9.312428018206298647e-03
9.114320495277695999e-03
9.211333137187287939e-03
9.435234626983807563e-03
9.559794687162444932e-03
9.498950813091707607e-03
9.330491373580017400e-03
9.191143881809304972e-03
9.152601038790765531e-03
9.194502249502294056e-03
9.238009688699444846e-03
9.246682142841067958e-03
9.220078258603565252e-03
9.168712938773632484e-03
9.125959391145925872e-03
9.114821284811530644e-03
9.125906514441922690e-03
9.150414824054426202e-03
9.200516912384338816e-03
9.272059554025834788e-03
9.308735798479038370e-03
9.283250594650665349e-03
9.228306319821751036e-03
9.192558353074571295e-03
9.173145794422609897e-03
9.153906576010147414e-03
9.133842137663331778e-03
9.120557957470097621e-03
9.116764459425552580e-03
9.121304854299409209e-03
9.114369182124978930e-03
9.096205305060710636e-03
9.065186073479825773e-03
9.036280956935240083e-03
9.017101777642030219e-03
9.004482249559620649e-03
8.990328063682360288e-03
8.976591339402959641e-03
8.963840296491901172e-03
8.965044296814522751e-03
8.980143684269262239e-03
8.982180169457877617e-03
8.961648861432212898e-03
8.943157965599288217e-03
8.947393875134997121e-03
8.955235142735207959e-03
8.947266570666679436e-03
8.930779249458679209e-03
8.928740541573139747e-03
8.944873951642572790e-03
8.963734940624325936e-03
8.988632707181941350e-03
9.036749585979202831e-03
9.112129076565531755e-03
9.225240535138071879e-03
9.410052922107553855e-03
9.685706518221615449e-03
1.001434009311850254e-02
1.034887246750610876e-02
1.066967061223971815e-02
1.097477943493092856e-02
1.123853347112325693e-02
1.143730942477801799e-02
1.154587509397603413e-02
1.152089506898688713e-02
1.136724954369996467e-02
1.108211583444189928e-02
1.070773414170926585e-02
1.029095011613850690e-02
9.875090127240745280e-03
9.524260615860273907e-03
9.270087692028698007e-03
9.107980585735529419e-03
9.028823389919046760e-03
9.028128636749885305e-03
9.101746477940425920e-03
9.241469004902875400e-03
9.440881120317696704e-03
9.709228910092057574e-03
1.005954957562389153e-02
1.053832913667324817e-02
1.117604596569460665e-02
1.197837011924550790e-02
1.287642040732626426e-02
1.378795566109201204e-02
1.456705273010081014e-02
1.515403930425695926e-02
1.537425340507586093e-02
1.520186150865861577e-02
1.451144666630799912e-02
1.345682246225309887e-02
1.216194641222701801e-02
1.093112919053992015e-02
1.000988375823174195e-02
9.563477313942412780e-03
9.565961292915854328e-03
9.853468220327064528e-03
1.022698920525664731e-02
1.055874658837327451e-02
1.053976920800095245e-02
9.982383585603986365e-03
9.250593752811814285e-03
8.833237593913741831e-03
8.937108536465929870e-03
9.332026698848541746e-03
9.614217517416034919e-03
9.563487963031275241e-03
9.235657099944234727e-03
8.883059066763187434e-03
8.741664424905801201e-03
8.866561326523084846e-03
9.132885067496168685e-03
9.346811697100020078e-03
9.370546846209013014e-03
9.187548106863334396e-03
8.927484797033891431e-03
8.743923889486006351e-03
8.702300204199580475e-03
8.776092180924441322e-03
8.868522377545030172e-03
8.897375317598061467e-03
8.846894845616135386e-03
8.756342684659159520e-03
8.681841657601493262e-03
8.661657362044371603e-03
8.695975031653755891e-03
8.747928044538316045e-03
8.773970022512671274e-03
8.762964306751169427e-03
8.726595502600544701e-03
8.679707924689947923e-03
8.645267941979502963e-03
8.633650494876765960e-03
8.647760071900535001e-03
8.680935427871429994e-03
8.723260761745132291e-03
8.756365312646003166e-03
8.762016564790454931e-03
8.736810888064047015e-03
8.694380378801812650e-03
8.651483531423240225e-03
8.619918328477124692e-03
8.603289906942567997e-03
8.599218110120789710e-03
8.602120158975866751e-03
8.607212840704427451e-03
8.612429939860100775e-03
8.614404379486090974e-03
8.612184895523849679e-03
8.614397598506455533e-03
8.620394945169366357e-03
8.629104972630027154e-03
8.634812781793598999e-03
8.637658453704942854e-03
8.639200808939425519e-03
8.635491287979973549e-03
8.626578372288527460e-03
8.616944296544845616e-03
8.608513766905365530e-03
8.598253697742067395e-03
8.589119827568752336e-03
8.581840803830675934e-03
8.573324643216282542e-03
8.565272665240600963e-03
8.560182892205246696e-03
8.561509754215101964e-03
8.572999313298433621e-03
8.599028454053751075e-03
8.645045025318019022e-03
8.710763139633138225e-03
8.794914428020239941e-03
8.887690149723237454e-03
8.961183163589226536e-03
8.998744273063224303e-03
8.998879285063677083e-03
8.992314740249626737e-03
9.015630071911969606e-03
9.096786455970186022e-03
9.250184494135442470e-03
9.482318036252967638e-03
9.805862427174735080e-03
1.023118084289793145e-02
1.076480495361725395e-02
1.144127961775508531e-02
1.227454430767998747e-02
1.328103137036495789e-02
1.438683407298698563e-02
1.560480196098211654e-02
1.674921089596580898e-02
1.763664542983364031e-02
1.784610838917756112e-02
1.718727310862309954e-02
1.551623374722859924e-02
1.318359771428875317e-02
1.077627437905910764e-02
9.041563723717938733e-03
8.437461271836015769e-03
8.944721239838701946e-03
1.004950447629091373e-02
1.078726029914873694e-02
1.047662761901739514e-02
9.449368324894485971e-03
8.583019991112907782e-03
8.469149381087283726e-03
8.972469129805579757e-03
9.486628576743330599e-03
9.525342517379197654e-03
9.110632404981746507e-03
8.624382386540084544e-03
8.419873272183390003e-03
8.559744993799352913e-03
8.849917392645172132e-03
9.031611714235186772e-03
8.971093700485939515e-03
8.721049199682072775e-03
8.465884164931741784e-03
8.379052994471390334e-03
8.456041310798573588e-03
8.590787130416381590e-03
8.686878216521799062e-03
8.681854682576508470e-03
8.580958777639289409e-03
8.457524900304345949e-03
8.379810564565406267e-03
8.374015448995433125e-03
8.411805498786518662e-03
8.451657890050586625e-03
8.464407209720421765e-03
8.440362046799378473e-03
8.395310429817769496e-03
8.355189447671265354e-03
8.333660628574270438e-03
8.336025115896606927e-03
8.361168397613317690e-03
8.388902405061418599e-03
8.397864720774623690e-03
8.388306803637789882e-03
8.369641949626123109e-03
8.341160434670450916e-03
8.311639973571033693e-03
8.295537357660051278e-03
8.292751227387814422e-03
8.299032458116667454e-03
8.316401100769026111e-03
8.342160581811551567e-03
8.356185602712964955e-03
8.349981288720231126e-03
8.340414618066975191e-03
8.333221414173560063e-03
8.322926912946396888e-03
8.309871229064284825e-03
8.300556574656897321e-03
8.300158237546394202e-03
8.302199384680582217e-03
8.305119901229283605e-03
8.312716876759931525e-03
8.321592172189874390e-03
8.331463654871088670e-03
8.338593810234874032e-03
8.339024713288494678e-03
8.329882056542652763e-03
8.315600806617844815e-03
8.300465057810232222e-03
8.291060145507457915e-03
8.288167044495428973e-03
8.288438776848216366e-03
8.296503576974475352e-03
8.313774800114744762e-03
8.340157675906675200e-03
8.379946264325968328e-03
8.428419499748157281e-03
8.483056189106918596e-03
8.541345149412717108e-03
8.595726211415716245e-03
8.641998554056548598e-03
8.686076189960194316e-03
8.732929366401432150e-03
8.775771047088799792e-03
8.801439607272202453e-03
8.799878655934897237e-03
8.756001371080656889e-03
8.683770940149368456e-03
8.616904471259925063e-03
8.557791736724409265e-03
8.502028906053421542e-03
8.451959728349452139e-03
8.414034343652260217e-03
8.385005638899777763e-03
8.366732016371008704e-03
8.363232953191499647e-03
8.363011290282881122e-03
8.371408522966253957e-03
8.394407387882548560e-03
8.432731912699446136e-03
8.486681717411504594e-03
8.566669595883626143e-03
8.673493500479287355e-03
8.803547015424253996e-03
8.961897919499320353e-03
9.043226103341024669e-03
8.935394384352254166e-03
8.689102664739432533e-03
8.408291878673632147e-03
8.189690743821771007e-03
8.094566042804203845e-03
8.128206783301915317e-03
8.251188377842704619e-03
8.397935728067771471e-03
8.498535294501242607e-03
8.522288176278829466e-03
8.468900315149862496e-03
8.368265114666581517e-03
8.254399538666338035e-03
8.156300418853960205e-03
8.094297199282500521e-03
8.081091779982013321e-03
8.108442225538097306e-03
8.156237702005564999e-03
8.201444682460166946e-03
8.234300833494967442e-03
8.246896273006051881e-03
8.238971344112600709e-03
8.222630878939313562e-03
8.215329791522467742e-03
8.228219403436067697e-03
8.265655999525049757e-03
8.319569210870856116e-03
8.386144621552203693e-03
8.464131681623181247e-03
8.558894978161868394e-03
8.666424666714890590e-03
8.776941208921957768e-03
8.897968241508048826e-03
9.017836664371638861e-03
9.121327042312568634e-03
9.221140214800192456e-03
9.320734759321812682e-03
9.410079534388750278e-03
9.466665282987105079e-03
9.466384987328480688e-03
9.370893865238708736e-03
9.187578875328682865e-03
8.944570771844968793e-03
8.683217473721560262e-03
8.429797793473544840e-03
8.217463448748673141e-03
8.066478268232632476e-03
7.991659498991374178e-03
7.997574833424312551e-03
8.065706417116166871e-03
8.171172383010162632e-03
8.297670824840253437e-03
8.429396258864456370e-03
8.552896906091296547e-03
8.654989223125800907e-03
8.721643490470332161e-03
8.750720992246304245e-03
8.738345511017278633e-03
8.665589112406228006e-03
8.541216856246515443e-03
8.379698880843260839e-03
8.208360991256956340e-03
8.060634991839527724e-03
7.965867271076065848e-03
7.922255846589371098e-03
7.922488298184348840e-03
7.963526226619922765e-03
8.025535222510336852e-03
8.087682701010654590e-03
8.155938555345470728e-03
8.222203179463486583e-03
8.280026812621934379e-03
8.332560428555881027e-03
8.378330910594328912e-03
8.415443887282492152e-03
8.456938310525002195e-03
8.504371109714871022e-03
8.549368729662033817e-03
8.596870346604439106e-03
8.649254421853382405e-03
8.706940620317973889e-03
8.754377704294078605e-03
8.783726039571407296e-03
8.827610505784250911e-03
8.884343751199065900e-03
8.905237963874315307e-03
8.901692157633686597e-03
8.911140946021783166e-03
8.905818011728213260e-03
8.860613057580023905e-03
8.800425043341190620e-03
8.759723198530793009e-03
8.718483587947439828e-03
8.690953353181232049e-03
8.736741107062529973e-03
8.821148130002356980e-03
8.886913145348326881e-03
9.007530033119772253e-03
9.243741362062756275e-03
9.369928372455985782e-03
9.237242548288370977e-03
8.977525438328639099e-03
8.684851851887106372e-03
8.401854125809876672e-03
8.201115303345551943e-03
8.126623060305105881e-03
8.155602488938807487e-03
8.215303118540438071e-03
8.246152403860613003e-03
8.227945638226508498e-03
8.161077567359533574e-03
8.081093355963051700e-03
8.043068723283305216e-03
8.049623839726113839e-03
8.075703696420511585e-03
8.101160697916671982e-03
8.103795436723165019e-03
8.071697052877462031e-03
8.017532567320038994e-03
7.959276914880419190e-03
7.907652765984048149e-03
7.877310034654139148e-03
7.875993810287525848e-03
7.897649933509765657e-03
7.940036411708468675e-03
7.992400347272575478e-03
8.044502545406432073e-03
8.077663224185700069e-03
8.080835652675869701e-03
8.059522462615606800e-03
8.025645104111342465e-03
7.988798032392430831e-03
7.959284682412135978e-03
7.941245465678252458e-03
7.935246728855208792e-03
7.941033886831204078e-03
7.959169818293376081e-03
7.997452660547185038e-03
8.064400950644723745e-03
8.146833526552661742e-03
8.230188752567455662e-03
8.319437953888283305e-03
8.425325606049565569e-03
8.539130460801149652e-03
8.664551459692058227e-03
8.803029688811450995e-03
8.959365166144366011e-03
9.139633808218076971e-03
9.358095394889940494e-03
9.589333396878558027e-03
9.806822952978147545e-03
9.982948534901997864e-03
1.010248381153304453e-02
1.013739955998431419e-02
1.009773564842498736e-02
9.977691696901871618e-03
9.766851751339043070e-03
9.476574088655166303e-03
9.160327472773399649e-03
8.854157012969500126e-03
8.564212468027977351e-03
8.305653513109991642e-03
8.102897923922465842e-03
7.956036780863911390e-03
7.849699795825840903e-03
7.777232968413066994e-03
7.743131800480607466e-03
7.745806192588649934e-03
7.797056226355219416e-03
7.897561372019148984e-03
8.047430263255946070e-03
8.220285905863239373e-03
8.403264609047894282e-03
8.609712171807663850e-03
8.803035123595709041e-03
8.949133131042154299e-03
9.045364458719340472e-03
9.089893295257467712e-03
9.078596676264958504e-03
8.999292205210066703e-03
8.855180137549514136e-03
8.669810444465991806e-03
8.485454720138396745e-03
8.326402283244233732e-03
8.185899337179433632e-03
8.064201892482754375e-03
7.967313846281912776e-03
7.895519990437301766e-03
7.833945373881736479e-03
7.777797317048784284e-03
7.740593987546065362e-03
7.716362806422364697e-03
7.694132988493801797e-03
7.676400621610270092e-03
7.674835921290220839e-03
7.685310792722457006e-03
7.701837362722552954e-03
7.733894141895626163e-03
7.781209202960135546e-03
7.800994455152500222e-03
7.771278542111155832e-03
7.718939483869620768e-03
7.660322202839481981e-03
7.606108783783279911e-03
7.570579532674619715e-03
7.551719332797100781e-03
7.543889862520111560e-03
7.542599847086521245e-03
7.547840800263813654e-03
7.562966783519093315e-03
7.578640614231096743e-03
7.588063890190170635e-03
7.589274308723369805e-03
7.583463146901875569e-03
7.566797819524469226e-03
7.544362161775944840e-03
7.523429952378373094e-03
7.508933411457102518e-03
7.497687709507480820e-03
7.491467611660739337e-03
7.495310183679571372e-03
7.504564708023135806e-03
7.516269475448105267e-03
7.529997643529177942e-03
7.541542542712656103e-03
7.541696824474473579e-03
7.533785293293643152e-03
7.519403127145454779e-03
7.499897596835953216e-03
7.480581067380471030e-03
7.469094253092857343e-03
7.465046162778192322e-03
7.466684977910963486e-03
7.473872524141271512e-03
7.489980722788332039e-03
7.514719225623309531e-03
7.545422075701036999e-03
7.588815293642132802e-03
7.655684729882398717e-03
7.743036609718536092e-03
7.853375330744673949e-03
7.991865375933725896e-03
8.141558373257692244e-03
8.293304171707056166e-03
8.461698578764369899e-03
8.651862662035558066e-03
8.828264873895874665e-03
8.982486093703497682e-03
9.105560315686048872e-03
9.185431847786123399e-03
9.194730690013230498e-03
9.135476134017352784e-03
9.001743113987718120e-03
8.824284237980678514e-03
8.611988797323354150e-03
8.390646340568793521e-03
8.168186176718609387e-03
7.963199533498398902e-03
7.793264935167298901e-03
7.669409770847586579e-03
7.581590666991338927e-03
7.517450834061583861e-03
7.479432584738193029e-03
7.469585628495104858e-03
7.474978811551616885e-03
7.488782830007944570e-03
7.523112483168902659e-03
7.584574649261003644e-03
7.669286386221445435e-03
7.780532011420447647e-03
7.924398925136452720e-03
8.098709452821034951e-03
8.293241634601999229e-03
8.498702965821789204e-03
8.696418722310247235e-03
8.892935599977832423e-03
9.111751731072717519e-03
9.374249925145626203e-03
9.690996203764259270e-03
1.005927153241417855e-02
1.044323826856394244e-02
1.079763931980551664e-02
1.106520094551137305e-02
1.119706920244276788e-02
1.116535001775622628e-02
1.100252962442917551e-02
1.074477421445421341e-02
1.043281033184430620e-02
1.007252669228432887e-02
9.748006982086816416e-03
9.566348297710644891e-03
9.586512911015450736e-03
9.776021153951595585e-03
1.015042004219724771e-02
1.062801496870121459e-02
1.106420758192743284e-02
1.132793611919831120e-02
1.132988190253512301e-02
1.094383375415822202e-02
9.883437602784792692e-03
8.441634307396615050e-03
7.471188567273610165e-03
7.354368373947546556e-03
7.914596392995269444e-03
8.648001644055904741e-03
9.045039576145150195e-03
8.876250781199648832e-03
8.305279380363687208e-03
7.701905968187228516e-03
7.354103037409265645e-03
7.336740912422129619e-03
7.551542965072394892e-03
7.810787796375083525e-03
7.946214997159648311e-03
7.904908867024613983e-03
7.733072163675692480e-03
7.516923592754568527e-03
7.352229337715299358e-03
7.315381529915651430e-03
7.415502800450950345e-03
7.556368782538077679e-03
7.608205411923230597e-03
7.573557016199592741e-03
7.496620504839022862e-03
7.407597644465429079e-03
7.330452735609732304e-03
7.293590781589200447e-03
7.306358815711299498e-03
7.362863720319446324e-03
7.432555762460055573e-03
7.468983529806853122e-03
7.460715066136508304e-03
7.424479956244412968e-03
7.374491873264056065e-03
7.317280845253721841e-03
7.266520562931898415e-03
7.236290901605466758e-03
7.234576378329648366e-03
7.249294159975589943e-03
7.262305640764963807e-03
7.271741201408232075e-03
7.283793196392295867e-03
7.296570598490073958e-03
7.300545002127381035e-03
7.288744592384729590e-03
7.261311188538109064e-03
7.233882661807604884e-03
7.215551593298629579e-03
7.202851243228678216e-03
7.198849081680028412e-03
7.208648474677238280e-03
7.227928150318051193e-03
7.251474238285940399e-03
7.283809355296912147e-03
7.328490164423248458e-03
7.383638012868400449e-03
7.448969379700647389e-03
7.547430330817650121e-03
7.687515815177632661e-03
7.825189860400840608e-03
7.955206477701093348e-03
8.096488809513600893e-03
8.252610717309807539e-03
8.363755772272532876e-03
8.393572508082938755e-03
8.362542707290082991e-03
8.268041939751703817e-03
8.108765457838843643e-03
7.924918014686142473e-03
7.749411019192142119e-03
7.588603828746493495e-03
7.441274109842237194e-03
7.325285085895354154e-03
7.257676936438081823e-03
7.207580290692723254e-03
7.164927718681809998e-03
7.142567451264548138e-03
7.137505957757757369e-03
7.131651520902826218e-03
7.118274588473158179e-03
7.113841844710080617e-03
7.120544893902371747e-03
7.121537931336599687e-03
7.118840213262198242e-03
7.121206766011699968e-03
7.134834123311439673e-03
7.150642451565078321e-03
7.162747801382653504e-03
7.182101228964485155e-03
7.213571994471451587e-03
7.249863739283480407e-03
7.285212910931803190e-03
7.335809919672182586e-03
7.420248607154867997e-03
7.546796344981195233e-03
7.727485598618450899e-03
7.987306156038641650e-03
8.343793971684262956e-03
8.791964138403079998e-03
9.089442139792453315e-03
8.976635809527956991e-03
8.526272893493128113e-03
7.937857240225429378e-03
7.437931415600346728e-03
7.130303845584225197e-03
7.038384948472620715e-03
7.128637068284372248e-03
7.337336084412413549e-03
7.610117171888166471e-03
7.878742694358464166e-03
8.076437133832790882e-03
8.137716225726654082e-03
8.044541986624388630e-03
7.834368973477841280e-03
7.576546950793120426e-03
7.356808611893350495e-03
7.224456396764254024e-03
7.153487554279881581e-03
7.107558822192040077e-03
7.101896029725188360e-03
7.132094853040401618e-03
7.164741176421802159e-03
7.174099659770038703e-03
7.153323588199391597e-03
7.111436252920984129e-03
7.066727153778992222e-03
7.030732292581770050e-03
7.008268433402296479e-03
7.009599505895766289e-03
7.034561431762907484e-03
7.074475710812510622e-03
7.119904402384261144e-03
7.162024840479453737e-03
7.178447384058411936e-03
7.175213086529257447e-03
7.161187510981322640e-03
7.149039713026023903e-03
7.132885181759662276e-03
7.117885767953628651e-03
7.118413006860976715e-03
7.126586868054952430e-03
7.126408208846145981e-03
7.113614487599608134e-03
7.094583829095411909e-03
7.066818940747009690e-03
7.025935756329028566e-03
6.983580166890867094e-03
6.957069970258763711e-03
6.948082215276428150e-03
6.946160226937917077e-03
6.946974693683522807e-03
6.954673286059700858e-03
6.970835069177923685e-03
6.992286356993339738e-03
7.019876003053552617e-03
7.064603047563964081e-03
7.128804672535896635e-03
7.222728955304195432e-03
7.352136238947934790e-03
7.501422108240723453e-03
7.678946929774281734e-03
7.895899349418011512e-03
8.130916388658728650e-03
8.354847674071470831e-03
8.558318511589599331e-03
8.717193702313264653e-03
8.845571172940868213e-03
8.940020388472569995e-03
8.999033503791787833e-03
8.975934024841637077e-03
8.866680765769805253e-03
8.670077733518483792e-03
8.418708268409177270e-03
8.120582893122580553e-03
7.807505880719396024e-03
7.514524490104039674e-03
7.278017680215803295e-03
7.118851776818844318e-03
7.035194937364444567e-03
7.009802181000566838e-03
7.028798253896281767e-03
7.079993139461279034e-03
7.144410475743644476e-03
7.212183314108505314e-03
7.273478238774188677e-03
7.331904294882273312e-03
7.386790966815525925e-03
7.434715986540481845e-03
7.486994897537124771e-03
7.552196492286632201e-03
7.624693010067008954e-03
7.702890062831875551e-03
7.801070119385217216e-03
7.948892166251692037e-03
8.135122560347814863e-03
8.343177586731215928e-03
8.551673715433817310e-03
8.752621411037546373e-03
8.912280777240155771e-03
8.752281593781961744e-03
8.153895119989275006e-03
7.450951017180156531e-03
6.968623601659592118e-03
6.864748500825733693e-03
7.086103470331854039e-03
7.437586556083989123e-03
7.695233784008834524e-03
7.726935547915625077e-03
7.550729924524792608e-03
7.271890469715746805e-03
7.003710707614040944e-03
6.835456293514579132e-03
6.814543891970397012e-03
6.911153908319566871e-03
7.033479277591790299e-03
7.135860277417663440e-03
7.234258937385381477e-03
7.325041270660284133e-03
7.336914857418786948e-03
7.223660582357504904e-03
7.091515108010045844e-03
7.002996324678456910e-03
6.964036292190091404e-03
6.942259206202143137e-03
6.922408567084571696e-03
6.937527798319087675e-03
7.007047934030168068e-03
7.115036886392092468e-03
7.199674456904710772e-03
7.210945016699808058e-03
7.192225567719062740e-03
7.182199391333483202e-03
7.200951952503617352e-03
7.218589937112099807e-03
7.187587727343903478e-03
7.144232819312727398e-03
7.118292981347213583e-03
7.094148663539487885e-03
7.045219023106961791e-03
6.956435901671292714e-03
6.870314331599950385e-03
6.828697720955413317e-03
6.814048888377823195e-03
6.779085866291054314e-03
6.747165323721895924e-03
6.747251392922798581e-03
6.768136609570475810e-03
6.782312610399937602e-03
6.770867766269172104e-03
6.777869433203111138e-03
6.803105949022006209e-03
6.805376019084497137e-03
6.806975091840574039e-03
6.833055873937711466e-03
6.863822086425738420e-03
6.898156589473943522e-03
6.968042010220304450e-03
7.063738214212821054e-03
7.175742712078173047e-03
7.308784768794388854e-03
7.456151737823120580e-03
7.570759261743219802e-03
7.659076258213950994e-03
7.757862330305679427e-03
7.886417453496261110e-03
8.043169639557919831e-03
8.265842100259133268e-03
8.588779271871297555e-03
8.963257894350158683e-03
9.287988043527178883e-03
9.578929554225321802e-03
9.824212531570590198e-03
9.936076826361200237e-03
9.846871235734265537e-03
9.547025358953825647e-03
9.069377936907898480e-03
8.471672341749650684e-03
7.835936264361261991e-03
7.276574234676518732e-03
6.898101138635038578e-03
6.713638398740679435e-03
6.687154930072341900e-03
6.789997386162363244e-03
6.980373729233960330e-03
7.238677841827911852e-03
7.547895963690993103e-03
7.846729022779531937e-03
8.054850240294144509e-03
8.119656657120517124e-03
8.064119598826418808e-03
7.929469670172909976e-03
7.748094885054011491e-03
7.583176418107144025e-03
7.487830452494226123e-03
7.472396586150949031e-03
7.563156032883652097e-03
7.761267800341305895e-03
8.067528920569475709e-03
8.484240745637014469e-03
8.755509468291721234e-03
8.589332034307018901e-03
8.099753543797993949e-03
7.494309865370257437e-03
6.990634816594750930e-03
6.727920958101624160e-03
6.714615256028223095e-03
6.873392752470975156e-03
7.096940238092630179e-03
7.281930447111228076e-03
7.344300530281640434e-03
7.291220404808630359e-03
7.177934734809006574e-03
7.058024344066701761e-03
6.957225015906830581e-03
6.880743843216670028e-03
6.818042808013735634e-03
6.759903597316611369e-03
6.707996250092932398e-03
6.682933024101559566e-03
6.698666226585462020e-03
6.744627798802897527e-03
6.801696752312886771e-03
6.866532401845994692e-03
6.921088279462964642e-03
6.945072517042737668e-03
6.928952379684914960e-03
6.870589000991779438e-03
6.782355748077091920e-03
6.696909049775098127e-03
6.636075173537107387e-03
6.604017987265140520e-03
6.599138981991930532e-03
6.609381023454608158e-03
6.620859701375413249e-03
6.621837580367375027e-03
6.607970992323333216e-03
6.588353751999453077e-03
6.572664509103093647e-03
6.563369818878353468e-03
6.553458666963610929e-03
6.543835514677588325e-03
6.540608843129716923e-03
6.546984705232701714e-03
6.560739546154669560e-03
6.579005023842552681e-03
6.601478905532062562e-03
6.627800628696554550e-03
6.654940929990112511e-03
6.673630369123472079e-03
6.682211469440525048e-03
6.694166904180129732e-03
6.715470981765199812e-03
6.745985129117466200e-03
6.783357229688208832e-03
6.829784298215394421e-03
6.892091847929154337e-03
6.972744113228674170e-03
7.056556455700174063e-03
7.129065916861501186e-03
7.184215432397640134e-03
7.210395751425273218e-03
7.216834415791782177e-03
7.209896282801966233e-03
7.191274213225564912e-03
7.156285894540139088e-03
7.097880468938499131e-03
7.024026704394802090e-03
6.950862073798536218e-03
6.894744615014102539e-03
6.860661941257528186e-03
6.824248687256094688e-03
6.781992185950404088e-03
6.760472642239158565e-03
6.779156594045338685e-03
6.830706832001490030e-03
6.884691875527429276e-03
6.942088048663767365e-03
7.013912660107538694e-03
7.087548213519906555e-03
7.143819966198006188e-03
7.204702798315506043e-03
7.329663770307431707e-03
7.529688996822526958e-03
7.716097283377023122e-03
7.890495548636449613e-03
8.124058469144136707e-03
8.418389987722025777e-03
8.703062319205619526e-03
8.955343296868910688e-03
9.194523383382700171e-03
9.336950781999102736e-03
9.312421672202593481e-03
9.102256263960162297e-03
8.751926179402087086e-03
8.293293671574988521e-03
7.814127401708427512e-03
7.380409518625462122e-03
7.059168398110121471e-03
6.886618962347322223e-03
6.809401495215073458e-03
6.787265661462990075e-03
6.786017525825202915e-03
6.753767424121573729e-03
6.676233638243335954e-03
6.596704384868849573e-03
6.564402821797863698e-03
6.586037388497657970e-03
6.640546700532455604e-03
6.682833804873796087e-03
6.666490979290768878e-03
6.602569846058607694e-03
6.518600744081430413e-03
6.444471797610728560e-03
6.412755343788298194e-03
6.438794660468507430e-03
6.500304998165186941e-03
6.560957445827567645e-03
6.595344335277075580e-03
6.593094093235280471e-03
6.549980549977724338e-03
6.479527102719414254e-03
6.417818645821733378e-03
6.385168609563116222e-03
6.381302582604571512e-03
6.401835502427806641e-03
6.441995706615062309e-03
6.481195317796862101e-03
6.498047348124015576e-03
6.491716433764938704e-03
6.469587097489604664e-03
6.429942026598934983e-03
6.386313486478814930e-03
6.360350049852444079e-03
6.356713158324913890e-03
6.365608000548445868e-03
6.386379277401194217e-03
6.412833293059201634e-03
6.438347848753548860e-03
6.469962351935244944e-03
6.499271673672381809e-03
6.512666814267933750e-03
6.517208963089219514e-03
6.515408735923052842e-03
6.503816861934113430e-03
6.483473657302587373e-03
6.459807026564577496e-03
6.433166072399720478e-03
6.402413320745338303e-03
6.372538625328091032e-03
